94.2 102.4 94.2209379862 102.431298452 11.0757180157 11.2759462759 11.1791798107 7 7
97.5 151.9 97.5 151.916879653 12.1912708601 10.6589271417 11.2475345168 6 8
96.4 204.6 96.4187480899 204.662535775 14.8052287582 9.97972972973 11.5223568742 5 10
103.5 246.4 103.528757988 246.441073512 16.3398294762 9.34156378601 11.4195298373 4 11
103.4 304.9 103.451725863 304.891530791 18.0236127509 9.18268830628 11.4867692308 4 12
100.3 356.6 100.422738903 356.639626625 19.14375 9.4659170766 11.5894130554 4 13
106.1 402.7 106.117686281 402.744749417 19.9563679245 9.47757500773 11.6549865229 4 14
101.7 444.4 101.773503086 444.4 83.8618504436 8.57555368657 22.2121212121 3 16
99.1 491.5 99.259918758 491.540961747 75.9719745223 8.45867139959 19.6656798477 3 17
97.2 544.6 97.3108262187 544.842152068 142.965648855 8.94631336406 29.4962934062 3 18
98.2 605.2 98.2928321192 605.23362409 272.465321564 8.953215169 45.9709477414 3 19
104.1 646.2 104.166550852 646.217950499 617.544600939 9.14076923077 94.7918043622 3 20
105.3 698.8 103.636065394 698.741771519 2085.93341404 8.81718497214 277.356550321 3 22
103.8 750.3 100.689803837 750.44592004 1883.05137395 8.9250334672 239.167767503 3 23
103.5 807.3 95.6193702364 807.322425623 2133.72909305 9.10752521334 256.407183987 3 25
103.3 849.4 93.0816980376 849.282044161 2438.77710843 8.9495675121 272.543458371 3 26
96.7 902.4 89.9163136688 902.174456386 2579.20310479 8.9186596218 258.363716259 3 28
98.5 956.2 85.8970011143 956.253125174 2762.39163498 9.1553992445 265.746869832 3 30
99.3 994.4 81.9325708785 994.317140238 2991.57250946 8.98628930818 279.510236761 3 32
97.5 1072.3 76.9551204753 1072.32978694 3248.53092784 9.17038160812 278.163830926 3 35
101.5 1099.7 73.9586285067 1099.51674721 3364.8814994 9.02089451096 295.695486004 3 37
100.9 1150.5 70.104604933 1150.53195922 3585.24846248 8.93882863341 298.73646965 3 40
99.7 1192.7 99.7277021395 1187.45540529 83.3525721455 9.52415232134 15.1917742246 4 43
100.5 1240.5 100.513960272 1199.09781704 135.322620519 8.79336862079 18.2520790981 4 47
147.7 101.8 147.704102892 101.802827856 10.9377076412 12.2578222778 11.4643035447 8 6
146.2 145.7 146.305665203 145.776937828 11.9769820972 11.8405676127 11.9080556727 7 7
154.3 199.9 154.3600289 200.1001001 13.9855421687 11.5886745488 12.6349929874 7 9
151.2 247.7 151.21260105 247.817024706 14.3546273546 10.6648324162 12.0639751553 6 10
147.1 290.7 147.198132088 290.708075224 15.9160493827 10.7585763293 12.5252325909 6 11
152.3 349.5 152.448213541 349.55825971 25.0074318745 9.83818770227 14.4398797595 5 13
152.1 395.1 152.116901878 395.165860977 27.8784 9.99018055116 15.0639891082 5 14
151.4 446.1 151.551551552 446.16196694 26.9512591389 9.98160203793 14.3664987406 5 15
147.3 489.9 147.320461175 489.9 29.8928571429 10.2729826353 14.8042026709 5 16
147.1 555.1 147.194040637 555.177107932 32.8697829716 10.7746955345 15.474609375 5 17
143.8 602.7 143.823970662 602.750229186 36.0139130435 10.269335001 15.2476879099 5 19
144.1 653.4 144.108006 653.381850504 36.9140070922 10.3935804356 15.0957246149 5 20
150.5 720.8 150.51672408 720.860071673 61.5899339934 10.4870186444 19.3974967631 5 22
146.0 757.0 146.239670571 757.294503418 56.3748910201 10.6641347424 17.9430792725 5 23
151.2 790.7 151.338727167 790.678036721 77.4425427873 10.1191000629 21.0126598971 5 25
155.9 839.8 155.904330676 839.869989166 203.74044586 10.3161830691 40.9055653488 5 27
145.4 905.1 145.42019725 904.898911353 123.639316239 10.3565025514 26.0958318489 5 29
154.6 945.7 154.737544484 945.594933896 722.618539787 10.2896579052 109.075654152 5 31
149.8 1004.6 147.719615416 1005.01875782 773.458196721 10.4382148185 110.922279793 5 33
152.0 1071.7 143.648439346 1071.67023138 1350.26854839 10.6973148902 179.453621863 5 35
148.9 1108.9 136.793752871 1108.80759937 1658.41092437 10.4884451425 204.572743468 5 38
150.0 1163.1 129.415712026 1160.8749896 1826.9958368 10.3221671693 218.41230329 5 41
146.6 1189.9 146.616290699 1189.50349883 115.124474348 10.9530334728 22.4759512513 6 45
154.4 1243.9 154.571746385 1197.46496952 202.576706827 10.104938885 31.2958967103 6 49
205.4 102.3 205.731456235 102.354020177 9.98348623853 14.7926829268 11.5898167006 10 5
204.4 145.4 204.667204406 145.452524523 11.5337114052 13.5341991342 12.3763676149 9 7
199.1 199.0 199.454585931 199.016584715 12.7921102066 12.8378552972 12.8146263911 8 8
196.9 255.8 197.184822521 255.956417811 14.1402946829 12.4622823985 13.1840727473 8 10
197.9 298.9 198.026516941 298.933214802 17.2893401015 11.9693277311 14.0887259858 7 11
201.3 351.8 201.305591822 351.878195154 18.5554862843 11.8488245931 14.3110551614 7 12
198.3 401.6 198.344076461 401.611155865 20.506501548 12.2765432099 15.0142121524 7 13
208.9 451.7 208.969656552 451.762744826 21.6381299332 11.2570558937 14.5069378445 6 15
199.2 498.2 199.255348708 498.241520127 23.5719720989 11.0007568113 14.5785959213 6 16
191.4 553.0 191.580937552 553.153653793 22.4074074074 11.4912438258 14.294510262 6 17
204.1 597.7 204.134022337 597.78302542 32.3910921293 10.9845058626 16.4537802027 6 19
202.9 646.5 203.334910781 646.823411706 31.9036442248 11.1470418192 16.0831374853 6 20
191.7 701.5 191.811890269 701.461029943 33.3264649066 10.8378232759 15.7423114731 6 22
200.5 754.4 200.550137534 754.4 43.1420664207 11.688440549 18.3538381337 6 23
202.0 809.0 202.16285341 809.089898878 45.7572575664 11.5609156552 18.3724163386 6 25
205.0 851.6 205.028476177 851.64731374 57.9836858006 11.634317451 20.6619983524 6 27
202.7 910.2 202.767589196 910.12415632 72.926296065 11.1725614811 22.3579590451 6 29
192.4 944.5 192.442765059 944.552475138 58.5191798942 11.6640625 19.480141218 7 31
199.2 1004.0 199.222135793 1003.9163403 234.118159204 11.6961051848 48.6821096174 7 34
201.0 1040.3 196.560997474 1039.98222765 1033.14153276 11.4088065448 177.890533736 7 37
206.1 1106.7 188.726662258 1106.63852008 1107.91238671 11.3973592145 183.966051731 7 40
202.4 1140.5 179.317812669 1139.23418424 1269.76358025 11.1968625718 202.246158171 7 43
201.8 1187.0 201.83363894 1184.59789871 179.481619938 11.8984153636 36.0560445482 8 47
199.3 1245.5 195.004484549 1199.55054977 931.057320872 11.2127659574 137.796879019 8 52
255.0 98.7 255.042507085 98.7740805604 9.28231292517 16.9253731343 11.429419986 11 4
254.5 146.4 254.56364091 146.452885764 10.5918972332 14.2643478261 11.9224952741 10 6
248.5 205.2 248.672689368 205.205700158 12.4279301746 14.275405893 13.2655398037 10 8
251.6 237.4 251.760847208 237.571579474 13.7841762644 13.7294610152 13.7574206755 9 9
250.3 298.2 250.313906328 298.216567587 15.26521524 13.5435984687 14.3394327539 9 10
251.7 356.9 251.846910698 356.929744145 16.9772839506 12.5976081604 14.4194741167 8 12
249.0 403.9 249.131486062 403.922440136 18.3297709924 12.7175954915 14.855204497 8 13
250.5 443.1 250.967077617 443.18617509 19.2977755308 12.7741661956 15.1134880348 8 14
253.4 488.8 253.463365841 488.895062929 22.027184466 12.3049373241 15.6602445971 8 16
257.3 556.0 257.371492081 556.108132137 23.8099173554 13.6287195672 16.8541506237 8 17
251.7 605.5 251.888916688 605.920778318 27.844302554 12.6254612546 17.1070292161 8 19
243.8 638.6 243.847414775 638.688706765 26.6750902527 12.9198287605 16.688047471 8 20
246.6 691.3 246.716505016 691.261596578 35.5301571211 12.5529903654 18.6185442869 8 22
239.0 741.4 239.272504797 741.420595017 31.9017160686 13.5584524811 18.0416878495 8 23
247.0 801.5 247.048037118 801.700425106 42.0584382872 13.730553827 20.4143587305 8 25
241.2 846.1 241.340782123 846.123503431 45.9574795082 13.2600969305 20.5452573907 8 27
248.0 898.6 248.082694231 898.69985554 69.6447502548 12.3981391473 24.6558987231 8 30
255.3 944.8 255.690638475 944.616324604 237.089837997 12.4145473712 59.9590691876 8 32
248.8 988.2 248.876045458 988.14510305 138.935826175 12.6052797777 37.8688358933 9 35
256.4 1054.9 249.74025974 1054.95860881 871.791584158 12.7155254398 179.062691718 9 38
253.1 1100.5 236.333454376 1100.37773581 755.171648987 12.755362848 154.826905333 9 41
248.0 1146.0 248.027558618 1144.50578412 204.041940374 13.3993672957 47.24842993 10 45
242.4 1216.8 242.561707805 1191.9024815 511.73937532 13.1852758234 95.9808673469 10 49
249.0 1245.0 236.137088064 1199.13315675 927.237468354 12.8788903251 162.966838431 11 55
301.0 99.6 301.008361343 99.6913837685 9.49241146712 17.4893617021 11.5074109114 12 4
292.9 145.6 292.932548061 145.920213803 11.0445859873 15.0824034335 12.3809659091 11 6
294.1 202.4 294.116339797 202.540653231 11.8112094395 17.2574558734 14.0393426295 11 7
298.6 244.1 298.691266776 244.269631689 13.649705635 14.7566735113 14.1481738326 10 9
306.5 300.4 306.508514125 300.374968753 14.2994233937 15.647662018 14.9749280723 10 10
293.6 354.7 293.632625847 354.7 14.8172224567 15.4272185198 15.1503831418 10 11
304.3 397.8 304.333814868 397.877365043 17.1920857378 14.8116760829 15.8406985032 10 13
300.4 435.7 300.525218841 435.7242069 21.8370339338 13.5172119488 16.8820738733 9 14
299.2 504.6 299.224935411 504.670093068 22.4780242779 14.8646971202 17.6990805672 9 15
295.1 542.5 295.239418614 542.530140563 27.932769556 13.5383211679 18.5824566602 9 17
301.1 609.1 301.192030898 609.252313078 34.2607966457 14.9267346939 21.2564172958 9 19
306.0 645.5 306.07651913 645.535863104 36.3408255006 13.8039860681 21.0459619173 9 20
299.4 708.8 299.491511295 709.056048017 43.8038397329 13.5106345268 22.5405573526 9 22
303.9 754.0 303.908441901 754.020945026 35.0408844389 15.140542328 20.7889875666 10 24
303.2 791.5 303.301100367 791.39008471 41.7590909091 14.6126382306 22.1205714286 10 26
302.7 841.3 302.733637071 841.603912524 55.5082372323 14.7078219725 25.4861277337 10 28
294.2 918.8 294.371716835 918.8 68.6801202233 15.2316807409 28.1032985214 10 30
296.9 948.1 296.891753007 948.152675149 134.305823209 13.6504130029 42.7623572223 10 33
307.1 987.0 307.108530793 987.0 401.495716034 14.2697053639 105.58991629 11 36
301.7 1049.1 295.864886952 1048.89604799 708.410609858 13.8879320655 168.484611808 11 39
301.4 1097.0 301.458616953 1097.03047307 164.154166667 14.6810737034 46.7339170836 12 43
296.1 1139.8 295.549948707 1139.48347681 577.44335186 14.4071311026 129.383708748 12 47
296.0 1203.1 286.60570199 1198.97021371 710.024040489 14.9978218027 152.186230436 13 52
289.9 1251.6 289.948324721 1197.73518701 134.932871373 14.6795896222 36.9891531416 14 58
337.0 95.5 337.009361371 95.5106122903 9.06715867159 17.7111398964 10.9836300976 13 4
358.3 151.4 358.429432851 151.475737869 9.72784810127 25.3803630363 14.4050788955 13 5
353.0 197.1 353.009805828 197.105475152 11.8139617293 17.6082539683 13.8894700932 12 7
351.9 252.2 351.987996999 252.24204034 12.7159131363 17.9400898652 14.890482128 12 8
348.6 300.8 348.687171793 300.875218805 15.5982269504 15.9031852473 15.7379946216 11 10
354.6 351.9 354.925348236 351.939104345 17.145737531 16.7888220729 16.9672798019 11 11
350.1 416.1 350.430962576 416.146238471 20.0552387741 15.7100149477 17.6922451634 11 13
346.5 448.7 346.721516524 448.712464235 20.8198424069 15.5892655367 17.895609602 11 14
345.8 499.0 345.828819068 499.013861496 21.9720609579 16.1037783375 18.5083258995 11 15
344.9 542.7 344.909580822 542.760306701 23.3623188406 15.8494182067 18.7523449531 11 17
355.5 600.1 355.559259877 600.150012501 29.935699227 16.0724607762 21.2031209363 11 19
352.7 653.1 352.709797494 653.154429536 33.9134615385 15.8953887195 22.1757696127 11 20
346.9 700.7 346.957826304 700.875218805 47.649415101 15.7188002142 26.4141534077 11 22
353.5 755.3 353.539282142 755.446892451 56.9794617564 15.7195504875 28.8483380282 11 24
354.7 806.9 354.759126521 806.922414512 36.5407038749 16.2475585181 22.4095423143 12 26
343.8 840.2 343.819101061 840.270022502 45.7864678065 15.8697978597 24.5477471774 12 29
354.2 909.3 354.249201278 909.325259035 80.216509269 16.9794850613 34.8410393203 12 31
348.3 952.3 348.367738171 952.326453513 93.9992864788 18.553545681 38.8252492331 13 34
351.7 999.8 351.719539974 999.911101233 250.854337737 16.9737936248 77.9813745576 13 37
350.8 1036.6 350.819489972 1036.6 121.643341664 15.9388908938 42.5789994601 14 41
355.2 1100.6 348.387096774 1100.23325558 505.049581006 15.8379145843 135.918666438 14 45
344.2 1157.5 332.569312113 1157.33925844 530.466690804 16.4657210402 134.104988399 15 50
336.5 1210.6 336.584146037 1191.95908432 305.545794393 16.7864295933 78.7743359281 16 56
352.9 1259.0 326.389887987 1199.36491135 636.483368719 16.3883276116 150.970048383 17 62
408.2 98.5 408.2 98.5684503127 9.67114914425 20.0931989924 11.7063453025 14 4
392.4 154.4 392.45450757 154.417157462 9.84585741811 27.8561208267 15.0281335773 14 5
395.9 192.6 396.076033793 192.701703677 11.8404966571 18.0881962865 13.8670681867 13 7
396.0 246.5 396.132044015 246.493152968 12.9066073698 17.7089514066 14.7464236723 13 8
393.7 300.1 393.765627605 300.158364126 15.4346446701 17.2821576763 16.235167206 13 10
398.8 347.7 398.88864192 347.873936968 15.385511811 19.1220723918 17.1424995828 13 11
400.2 404.9 400.233352779 404.956243923 17.0336477987 17.6771995043 17.3578339576 12 12
399.1 457.3 399.144349372 457.350816757 19.1023373342 17.1087015451 18.0294675419 12 14
400.4 491.8 400.444493833 491.963987996 22.1320696085 17.5535622758 19.6228932584 12 15
403.8 547.5 403.844871652 547.667342799 28.4151411728 16.6761311173 21.6840502978 12 17
400.5 600.1 400.589019782 600.150012501 29.3205403746 17.6877846791 22.3728205762 13 19
410.9 661.6 411.208406305 661.691901653 36.9443595231 17.0661172863 24.7256449523 13 21
398.0 692.9 398.044227136 692.957746479 38.0636902904 17.4338946614 24.9554923164 13 23
401.9 759.3 402.235195997 759.321092253 54.1179968701 17.901609724 30.3664763546 13 25
398.7 800.5 398.777540077 800.633438906 35.1527559055 18.8725429017 24.2653103808 14 27
397.6 847.3 397.765735723 847.276464543 57.3917558213 18.494486105 30.8820523099 14 30
404.4 898.3 404.422467915 898.275047915 90.9209230769 18.0162545151 40.694295559 14 32
389.2 956.3 389.210811411 956.273436849 131.119844105 20.2589909444 51.8382829124 15 36
409.6 991.3 409.679659934 991.189867792 125.96822487 18.536233717 49.9874776386 16 39
391.8 1058.2 391.930643548 1057.75926697 153.381578947 17.8621464915 54.3693265324 16 43
397.7 1115.3 383.684845237 1114.83548521 488.581903276 17.8422867312 141.548458511 17 48
397.3 1159.9 397.410391775 1159.9 209.353899154 19.1121877692 67.781507892 19 53
399.7 1194.3 394.235458506 1188.39105558 498.48339599 19.1302534154 138.846647367 20 60
393.3 1242.1 387.095715887 1198.93822394 316.318858954 19.7809571286 90.7386423967 22 68
444.8 98.6 444.787644788 98.8058455115 8.4593006993 77.5025380711 20.9291771717 16 3
453.0 150.4 453.012583683 150.466874166 10.5704918033 27.8194444444 14.8933251433 15 5
456.3 197.9 456.452150717 198.076067616 11.5583173996 22.4480560867 14.8252390057 15 6
452.4 246.9 452.538275584 247.105921601 12.9646672145 19.6161209068 15.307310149 14 8
453.7 293.1 453.7 293.205879901 14.1993982495 22.7755536627 17.5532978015 14 9
449.3 346.6 449.324962498 346.648145576 15.1403459821 19.7495456198 17.1419100237 14 11
460.2 404.5 460.251139015 404.533711143 16.5393320453 21.1078217513 18.6851580796 14 12
446.8 460.9 446.824823601 461.053684562 19.2966909703 19.6876513317 19.4962240835 14 14
457.4 499.7 457.527090859 499.783297216 22.3910877387 18.0331422876 20.0978232363 14 16
453.5 552.2 453.613403351 552.215339315 23.0389147712 20.1342772322 21.4545341305 14 17
454.0 600.1 454.100911314 600.116669907 25.7928275862 21.1010770505 23.1130959423 14 19
457.6 649.8 457.892542458 649.890262536 30.3205715826 19.8954536735 24.2293207801 15 21
449.2 699.1 449.274879147 699.216536089 34.647851727 20.6100941887 26.0507183283 15 23
442.5 755.6 442.524584699 755.998999472 59.9646166807 21.8603922861 35.9535729123 15 25
460.2 789.2 460.31507877 789.178078387 52.1323966496 21.4593656304 32.7684797768 16 28
454.7 855.8 454.76316155 856.109150527 67.5990180033 21.7596774194 37.7855235552 16 31
455.2 897.3 455.225290294 897.200311077 134.66739967 20.5807799443 58.9471251618 17 34
456.1 945.1 456.138011501 944.96875434 81.468416735 23.8259146744 42.6002850018 18 37
446.3 1003.3 446.510852347 1003.3 96.36335578 25.2003490837 47.0928787225 19 41
447.6 1060.8 447.68705026 1060.88840737 115.511376249 21.8158610093 49.8041442188 20 46
448.2 1105.7 448.361908467 1105.73071474 237.126012853 20.073957159 82.4748975821 21 51
456.9 1139.2 438.940036827 1137.84091224 437.639245696 20.1692848511 139.862325654 22 57
453.1 1208.2 433.127987254 1198.71021083 441.923308683 21.5234705458 136.54743705 24 65
458.8 1245.0 444.573643411 1199.03691814 368.606199461 22.1612807 115.522989758 27 74
501.1 102.8 501.113919831 102.868579053 8.74892974062 130.073260073 29.4931106472 17 3
487.3 151.5 487.381230205 151.761366798 9.94251405212 35.3805237316 15.9949376947 16 5
505.2 191.0 505.185967056 191.005305703 10.8445878848 21.3080505655 13.6879406979 16 6
495.6 254.1 495.792808314 254.524207012 12.8114002478 21.3374567046 15.6567040951 16 8
501.6 293.1 501.795142555 293.165147811 15.8402881272 22.6599914785 18.3517966421 15 9
502.9 352.9 503.053710856 352.978439653 16.8978374348 21.9455392332 18.9653654241 15 11
495.2 396.4 495.186244827 396.433036086 18.4689534301 21.7718523193 19.9301968449 15 12
503.1 449.2 503.113975388 449.387244685 18.2330920888 20.3234884369 19.2207740916 16 14
495.9 505.5 495.913775383 505.542128511 19.4548008172 22.4988891632 21.002635873 16 16
506.1 554.0 506.564350655 554.123138475 21.9457668712 24.2676859881 23.148870758 16 17
491.2 607.0 491.363787929 607.472478594 23.6494003572 25.0583609272 24.427379728 16 19
504.2 664.8 504.228012667 664.8 28.435515873 24.2910391566 26.0794092466 16 21
493.5 695.1 493.52741819 695.157929827 44.2157207433 21.1224341508 30.8154316433 17 24
502.1 742.5 502.11394761 742.582509168 97.8015853356 21.5264755481 52.4206882713 17 26
495.4 805.7 495.4 805.677620066 45.1540609137 25.8280067933 33.1376595949 18 29
501.7 852.9 501.783630605 853.042173696 69.0789735924 24.6015092149 40.973131591 19 32
508.8 885.0 509.125274481 885.024584016 63.9074531096 26.6703250317 40.1916838426 20 35
490.4 956.4 490.413622601 956.479706642 68.1101412067 26.008656873 40.2447261047 21 39
496.8 999.3 496.827601533 999.355519751 121.287046371 25.389985015 57.163493654 22 44
494.5 1054.2 494.706127553 1054.55151717 139.8786737 26.9684148497 63.0261511311 23 49
500.7 1089.4 497.686233365 1089.278969 245.715029762 23.6488027366 93.588736135 25 55
491.0 1152.4 491.122780695 1151.85606797 198.977935582 23.3975968824 75.9211744177 27 62
513.3 1201.4 498.121141871 1197.37548794 368.570243902 25.0674343812 127.575733314 30 71
505.6 1262.2 484.613541362 1199.74652796 374.483688987 25.3203247261 124.861548143 33 83
547.9 107.2 548.067465059 107.552533304 8.82879200727 253.492924528 48.3328255903 18 3
561.9 155.6 562.149844375 155.734104368 11.1342416797 32.6341659952 15.8004547044 17 5
534.5 192.1 534.693083614 192.286945642 11.1763882408 23.0569371728 14.2987616099 17 6
540.7 242.4 541.105829372 242.420201683 13.1833256564 23.9949799197 16.5835175245 17 8
548.1 308.1 548.130451692 308.331248436 14.2157619805 27.9695616883 19.1508664628 17 9
551.4 358.4 551.522560569 358.409955832 15.8702517162 30.8290065767 21.8236671718 17 11
538.5 415.9 538.5 415.992442765 18.1633686148 24.8077039733 21.0295695408 17 12
552.1 450.1 552.345486883 450.212553138 20.7174059896 22.9753052164 21.7288999378 17 14
551.3 490.5 551.40721807 490.540878407 23.6327223354 22.7074589128 23.1957248627 17 16
553.6 541.2 553.769207258 541.230068337 22.8816419612 21.8599257885 22.3750718639 18 18
545.6 593.9 545.827428095 594.114541362 25.3561802974 22.5306897279 23.8751796573 18 20
555.2 632.7 555.338834709 632.594567572 29.9816390506 23.5225615764 26.545959543 19 22
562.9 685.9 562.93127396 685.957163097 44.1157098353 23.5286870173 32.8438380991 19 24
546.6 754.5 546.6 754.688672168 43.1108283202 27.2131336406 33.821119446 20 27
549.3 808.0 549.391565261 808.089787754 42.4169336384 34.0379941547 37.4062183792 21 30
544.2 855.7 544.305837246 855.723770105 48.7582850521 30.2498174916 37.403529201 22 33
556.4 891.5 556.539134784 891.574297858 81.0074408117 27.9614464612 48.3443077456 23 37
547.4 953.9 547.521671483 953.979498292 86.3070955966 29.2181866035 50.1012351861 24 41
552.7 1003.5 548.29838243 1003.52787577 185.043068641 37.0079681275 89.8454763811 26 47
546.6 1055.5 546.630368354 1055.82261246 189.6048 30.9159244745 85.1722413254 27 52
550.5 1120.9 546.16105385 1120.61984504 280.325565611 32.584834334 114.217012077 30 60
539.3 1150.2 539.419871082 1149.91252187 169.892116183 27.1740969736 72.8413365789 33 68
536.7 1197.7 536.253122398 1194.77942806 271.788657407 28.2765957447 103.914509635 36 79
554.2 1243.8 537.666747514 1196.95260499 328.154071075 29.5532379817 121.022116577 41 94
605.6 99.2 605.583178245 99.2523832022 8.96924017111 194.704545455 34.7721452377 19 3
589.5 153.5 589.565507279 153.517057451 10.0798810283 41.6466774716 16.6365931661 19 5
602.4 202.0 602.299616731 202.303455183 10.947720619 27.592936803 15.1480612883 19 6
609.6 244.9 609.684678428 244.995275941 13.0679152089 25.2007042254 16.5906236308 19 8
605.1 297.1 605.083192134 297.174293573 14.4889208043 32.7425073871 20.4592019881 19 9
590.2 345.2 590.298383064 345.305510017 15.0266497462 30.070494186 20.5614973262 19 11
594.1 407.7 594.1 407.813281467 17.8060390019 30.0173463177 22.7875853507 19 13
596.9 451.1 596.916581016 451.112530904 18.6689669594 28.4477069351 22.8528356066 19 14
590.6 509.2 590.616406011 509.171712683 25.4925058054 26.8988153998 26.1408578905 19 16
591.7 550.8 591.749312443 551.075537769 23.7562420652 30.9647406733 27.2301030476 20 18
615.6 583.2 615.6342019 583.24860405 30.093903437 26.1446527482 28.1592569401 20 20
591.0 641.1 591.065673964 641.171241249 33.1390172197 26.417471899 29.6726329706 21 23
592.1 706.0 592.083553235 706.098069176 30.4317311782 39.6903721824 35.5144364508 22 25
587.9 747.2 587.965329481 747.283031448 42.2833545108 29.5844243035 35.1990636704 22 28
591.6 800.4 591.649304109 800.444469137 38.2563338301 33.1717329991 35.327376117 24 31
606.0 850.1 606.370559787 850.1 63.2985781991 33.2295541777 45.7800808463 25 35
601.9 913.4 602.134163286 913.65379272 83.2135557873 38.3105091206 56.0446421217 26 39
606.2 956.2 606.26736304 955.961009748 208.592304544 37.0879149378 103.604064137 28 44
590.5 1005.5 590.549212434 1005.47207022 88.4773741236 41.8092970806 59.122241488 30 50
592.8 1040.2 592.865873986 1040.28669056 134.506829166 36.0689986777 71.8898914207 33 57
605.8 1102.9 605.833657425 1103.23710023 229.301925865 40.0896215726 107.003295496 36 65
587.0 1160.5 585.942049078 1160.08108183 110.249150382 40.4574297618 63.8122823228 40 76
600.0 1196.9 591.86189889 1196.66731469 283.743136439 33.5668024653 117.2082609 45 90
600.0 1245.3 588.139192942 1199.74308882 283.821695761 35.5234211835 115.89009215 52 109
642.5 98.4 642.821410705 98.4246061515 9.15037593985 372.633375474 57.2459016393 20 3
627.4 157.8 627.434857492 157.826304384 10.2404489957 43.9317460317 16.9383086147 20 5
658.3 198.4 658.172022107 198.570991687 11.6261752539 29.6330513988 15.6636032093 20 6
648.0 260.0 648.216072024 260.036116127 12.943901972 33.6901004304 18.875034181 20 8
655.3 313.5 655.318203283 313.508708575 14.2208237986 50.6844197138 26.0432989691 20 9
651.9 350.2 651.918108836 350.209728048 16.7119230769 31.4063059835 21.8441997247 20 11
648.3 403.8 648.462115529 404.181727187 17.3031526336 32.3467766575 23.112920354 21 13
656.5 453.0 656.77365569 453.025168065 21.8069838833 29.3598993289 24.8804050979 21 15
650.6 499.6 650.636146453 499.780476283 21.4005417957 32.0399206546 26.064014781 21 16
646.7 541.6 646.7 541.720382307 25.09732265 32.0837887067 28.3242191608 22 19
637.5 584.4 637.588553966 584.497416236 26.3171068191 31.4609944278 28.7813141684 23 21
635.5 645.0 635.5 645.125441058 34.4696940168 39.2451354445 36.8829653909 23 23
650.4 708.0 650.490345881 708.255759024 43.3255014327 33.7700845666 38.3546879296 24 26
644.4 750.5 644.84781098 750.583398155 40.4295625361 39.9112141792 40.1508106182 25 29
645.0 793.3 645.268862026 793.233897175 42.5230589609 36.611751698 39.2602441151 27 33
658.3 850.7 658.354862905 850.676370101 100.184712162 38.8281455502 65.4537182563 28 37
648.0 909.8 648.0 909.825272924 103.818584071 36.5729483283 64.6802830492 30 42
638.1 956.5 637.905084557 956.579714976 94.1658878505 39.3918972073 61.4336754682 32 47
649.7 992.3 649.826355125 992.024437656 204.345074511 38.0669018521 103.631562882 35 54
648.1 1053.1 648.154012834 1052.89527036 119.09765625 48.3914802475 75.1598639456 39 62
646.5 1098.3 641.775816903 1098.05598756 206.122590594 41.9671628224 102.846307813 43 73
640.6 1161.9 640.635590866 1158.52098047 216.294426102 44.404566997 105.726598767 49 86
636.2 1195.2 636.359089772 1188.79372272 123.133739199 40.1922956467 68.9795514961 57 104
654.3 1257.9 641.173748537 1199.04678688 246.992557252 41.7869061641 111.483406793 62 118
703.4 97.5 703.458621552 97.6817966771 9.0220758412 255.833117723 38.8788732394 22 3
698.9 150.1 698.997082928 150.13336297 10.464028777 52.4465617233 17.9522683612 22 5
699.6 200.9 699.6 200.961404874 11.3272629888 35.6459627329 16.7568991818 22 6
695.2 249.8 695.277253028 249.806939082 12.8245488655 32.6787286064 18.1375294426 22 8
722.4 310.5 722.50034727 310.525877156 14.5111072843 73.4526833265 31.9548981571 22 9
705.2 352.2 705.493955815 352.219567754 15.8790450928 39.9719827586 23.8272307145 22 11
706.0 399.5 706.039224401 399.611003056 17.8336570722 36.4722572509 24.5254102999 23 13
699.0 447.0 699.291371405 447.111777944 20.789978678 40.4262802476 28.3904378131 23 15
691.4 506.6 691.592108919 506.642220185 24.4240301724 41.0690256666 31.3957833212 24 17
698.9 535.4 698.88058665 535.489248208 27.4085867621 35.9755358807 31.1294272414 24 19
703.6 595.2 703.65863822 595.2 30.6453685526 36.0921080176 33.1520231214 25 22
704.0 650.9 703.960891062 650.93616312 35.5986321094 39.8788402458 37.6695466369 26 24
691.0 703.4 691.07678631 703.47816424 39.5412794853 36.0867474172 37.8112399643 27 27
702.3 753.4 702.339018834 753.525587598 49.9697562711 37.7070774355 43.635902288 29 31
694.0 802.0 694.019278313 801.933172236 52.6893925657 43.5872744244 47.7904211672 31 35
697.8 846.0 697.83876882 846.188041787 75.8283223626 39.06772377 55.7733042283 33 40
705.1 902.0 705.119586655 901.849691718 146.212933754 44.3372576177 89.3088349064 35 45
698.6 953.2 698.735865307 953.173522958 131.164933668 50.0366156663 84.2546691871 38 52
688.6 1015.5 688.753056235 1015.5564198 102.368201595 56.891855315 75.2770448549 42 60
692.7 1055.0 687.714072971 1054.5020407 145.426197284 48.4646022929 87.0643807356 46 70
709.0 1113.8 702.173314993 1112.81083481 217.114245416 58.0154656506 119.845426516 53 83
707.0 1134.6 702.569906423 1133.4036295 203.615998581 46.1096767075 106.515135025 61 100
711.3 1192.8 686.583011583 1191.44307872 221.192119089 45.5947362902 111.355938873 66 114
700.6 1252.3 675.856155207 1199.04252773 226.415750266 44.5534498075 109.575940136 65 115
748.1 102.3 748.14156342 100.269541779 9.0513247792 1264.617506 162.254279444 23 3
747.6 153.4 747.558468974 153.412784399 10.3488061446 60.4892026578 18.7415542889 23 5
747.0 196.4 746.979250576 196.476407492 11.5266666667 38.0170025189 17.0705060622 23 6
744.8 241.3 744.820689464 241.320110009 13.1904040404 32.4310699588 17.9346778285 23 8
751.8 307.6 751.841768987 307.62563547 15.08 35.0304383117 20.9223912527 24 10
751.0 355.6 751.083453717 355.609878052 16.6013603185 65.4684778823 32.3668951568 24 11
762.6 404.1 762.557635687 404.156132796 18.0208401707 64.185723115 34.0325830654 25 13
744.2 441.6 744.241346741 441.649072119 19.7423580786 42.091711763 28.0327522451 25 15
760.1 501.5 760.226704451 501.611469215 23.419047619 49.4898113208 33.7152508693 26 17
748.1 549.2 748.224704117 549.413660868 28.1646566164 38.4412844037 32.5021297193 27 20
746.9 596.2 746.817020331 596.249687474 29.6992305119 45.296196217 36.6541848179 28 22
739.2 649.4 739.241068948 649.706805992 32.6492208672 41.4824865281 36.7841441441 29 25
755.2 702.6 755.535793686 702.619517209 43.6788839359 47.3172119488 45.4306138173 31 29
746.6 757.8 746.724454076 757.884209357 47.0110589812 51.2178299702 49.1281005494 33 33
741.8 804.1 741.923653942 804.278728606 42.9168210136 64.4511045883 54.1471962617 35 37
768.1 850.1 767.716141929 850.1 97.5925264013 46.1903425871 70.6647327299 37 42
752.7 900.1 752.74181899 899.975003472 83.987947829 60.7913282863 71.3379372467 41 49
735.8 955.0 735.840880049 955.291894746 69.7790045864 63.2302785733 66.0714864765 45 57
744.6 988.2 744.744811491 988.2 83.2353040827 57.7468434343 68.631483759 50 66
750.3 1036.1 749.176235647 1035.89857528 163.390154665 50.9814323607 98.2249947578 56 79
747.1 1097.2 745.815539903 1097.10857429 118.178924443 59.6389519056 83.2727088265 65 96
743.4 1151.1 741.238055671 1147.59346441 193.216914247 56.3366724739 110.008803283 71 109
750.9 1211.9 720.0 1183.01472383 203.073633812 55.5366253458 112.031230244 69 111
758.4 1267.4 696.436497207 1199.24302161 215.029978934 46.7956225681 109.902680688 67 113
794.3 99.6 794.366197183 95.8947340269 8.90133124511 2009.85714286 232.930458971 25 3
787.5 147.9 787.521875608 148.080987874 10.4980280801 65.6505513147 19.1472466081 25 5
804.0 202.1 804.067005584 202.550111359 11.4177708496 43.7717661692 17.9022809423 25 6
791.2 248.6 791.265938828 248.738187882 13.197672565 44.552578362 20.714337656 25 8
802.1 299.1 802.122281174 299.108308564 14.5603179551 35.6760741365 20.2632536974 26 10
794.4 353.2 794.444135785 353.278506335 17.1339750671 39.3435951875 23.9837389501 26 12
813.2 395.1 813.154824732 395.143904878 19.0245210728 36.4172392255 24.7499742983 27 14
809.5 457.1 809.432547288 457.188897841 22.0326746538 43.1987835223 29.6549183592 28 16
791.1 509.3 791.07802561 509.399049815 23.5051173044 60.9077858881 38.2001720677 29 18
793.5 546.4 793.632272045 546.460717858 28.6682911492 44.1150666054 34.9450303313 30 21
803.1 605.9 803.144619146 606.034674372 37.4338235294 70.5773429454 51.7409086868 31 24
799.4 649.5 799.488832092 649.572174686 44.4752397422 50.0368611058 46.9933757743 33 27
803.4 702.7 803.333055579 702.817136189 54.030802738 46.4822746086 50.5308302044 35 31
804.0 749.7 804.022333954 749.783309257 50.6484362722 58.2973469047 54.358368404 37 35
795.8 809.9 795.954768983 809.989998889 63.4404631513 75.6516544118 69.6108057899 40 40
787.7 840.3 787.743763542 840.276658982 64.7076776347 47.0092647938 55.5851498113 43 46
808.0 918.9 807.977556179 918.976581382 108.662258867 83.7228668942 95.3792627063 48 54
787.0 944.3 787.065588799 943.775680178 96.5281833883 63.2885664848 78.5387552226 53 63
793.1 1020.8 793.232205368 1017.23966119 95.8087285332 90.8543119266 93.019694257 60 75
786.7 1059.3 786.765563797 1059.09406504 100.722653158 69.729218399 82.9812508461 70 91
815.6 1100.7 796.289968269 1100.6388534 168.29613209 69.4594471619 111.625554396 76 104
799.5 1156.6 775.189205203 1128.87973105 174.167754975 67.9879673399 111.377318933 74 106
797.6 1185.8 750.643103629 1151.85235153 188.355658915 63.0623953099 113.564929384 72 108
798.2 1245.2 729.764323446 1174.99410238 197.945555214 58.1650004949 112.898705209 70 110
859.2 103.8 859.367099158 93.6987537925 9.27012911649 2476.15985577 274.9597411 26 3
844.2 147.5 844.2 147.733912027 10.2840790843 126.340772532 27.4161175874 27 5
846.0 195.1 846.117516322 195.148787197 11.2048121194 53.6544303797 19.2729459882 27 6
839.4 248.2 839.376683981 248.441540386 13.2131759785 49.9375 21.6092417608 27 8
844.2 298.8 844.129655862 298.8 14.2794095721 65.2069536424 27.7663049435 28 10
844.5 343.0 844.476542318 343.066707415 15.8288515822 54.1757096658 27.0459323103 29 12
855.7 405.0 855.7 405.090020004 18.8398243045 51.0094250707 29.0661140517 30 14
843.3 448.2 843.440573429 448.249805534 20.0568804622 72.7788944724 38.3333010742 31 16
855.3 504.1 855.323758993 504.1 23.8292468066 56.9844844845 36.0887387804 32 19
845.0 554.2 845.023472874 554.215394872 32.8008530666 53.8211050725 41.0777530094 33 22
848.9 605.3 848.923581211 605.384081122 31.9719474384 55.7242654613 41.9034364261 35 25
849.7 664.5 849.676397878 663.63358948 31.6340919232 154.762434062 85.9575263902 37 28
834.8 696.4 834.985552345 696.341971502 43.576034793 53.5938628159 48.1221330275 40 33
851.3 754.8 851.65485619 754.94679521 60.9674927114 89.1720914705 74.1161777294 42 37
861.2 807.4 861.271772648 807.422428401 58.6639546709 75.7420560748 66.9058107194 46 43
854.1 869.6 854.147452636 869.479238995 70.0677045087 99.1051341217 84.7184748599 51 51
848.6 900.5 848.435026523 900.575047921 104.266264351 79.9327030033 91.7532532533 56 60
828.8 947.6 828.615863142 947.678973248 81.8050568522 78.3209762533 79.953589456 64 71
850.8 1005.2 850.847269293 1004.47454616 106.14865461 78.7132554091 91.2840396146 74 87
837.9 1036.3 837.597534224 1035.4946153 90.3755622189 73.9536312176 81.2690843518 81 99
851.1 1099.0 819.898314156 1084.39084555 159.343740881 77.9495189587 113.507935496 78 102
843.7 1155.3 804.86525161 1101.71386188 165.346204669 74.0613293375 112.54970905 77 104
848.5 1182.5 785.224030231 1118.40895358 173.360591562 70.3272518766 113.423918976 75 105
858.5 1249.4 765.246242603 1141.40993757 182.318376068 65.3706026458 113.03233672 73 107
898.1 93.2 898.274664518 90.2809170165 9.02918693537 1489.04111406 149.415272361 28 3
898.7 147.3 898.475381155 147.463848721 10.2292852186 200.743073048 37.2542877561 29 5
911.4 193.1 911.4 193.116093008 11.3856734305 66.5228884591 21.0008994828 29 6
890.6 256.9 890.624739576 256.914273015 12.7169415711 138.403179191 40.9861321777 30 8
891.0 293.5 890.975250687 293.622342643 14.3602188245 66.3029535865 27.3199284135 30 10
903.3 348.8 903.249819454 349.061796347 16.7356864925 62.5997140815 29.5761456874 31 12
893.6 392.7 893.674472873 392.743638182 17.9407075933 74.6490781945 35.2665824998 32 14
902.8 444.3 902.749847231 444.361716905 22.036744315 73.8080608794 39.1078066914 34 17
899.7 494.7 899.974992359 494.782463744 27.9648544756 50.8063947633 36.0251421464 35 20
903.1 544.6 903.200355595 544.751319811 27.490605428 65.2983019734 41.7647058824 37 23
899.2 603.2 899.299922214 603.26702967 34.9175701974 187.820140903 96.3075707155 39 26
912.9 643.7 912.925359038 643.735763098 40.7151473612 79.8182522767 56.9170680796 42 30
902.0 692.5 902.150358393 692.5 47.0200055571 58.679625894 52.0456880879 45 35
893.8 739.3 893.849658314 739.341074504 48.6610121968 65.4609269283 56.2747412802 49 41
909.3 797.0 909.350519473 797.066422202 74.7189426106 92.0785332074 82.7967777371 54 48
906.4 855.2 906.475539628 855.152491528 81.365646025 116.308029197 98.3015637161 60 56
900.1 897.7 900.125003472 897.724936804 79.3025034771 77.0344441333 78.1722718392 68 68
895.1 953.7 895.224336713 953.726492403 103.084625052 81.9508881923 92.1647432004 78 83
894.2 1008.8 888.768636113 1005.2258636 109.127502781 91.7472758791 99.934241551 85 95
920.7 1055.6 874.474316017 1030.523918 139.066200215 91.598540146 113.749717443 83 97
902.7 1091.2 853.124015541 1050.69006098 146.295526064 86.249716489 113.463384386 81 99
894.2 1159.9 831.234022775 1074.67250032 155.076074972 80.785767235 113.066171627 79 101
896.9 1201.4 807.916927311 1096.16788321 163.977480551 75.4702168822 113.287613716 77 103
911.7 1245.9 787.098011943 1118.73690512 172.359451909 70.4036598493 113.61530221 75 105
947.1 97.3 947.1 85.6807396898 9.02935706695 2910.68344371 273.516720995 30 3
950.5 154.3 950.341609732 154.30428623 10.4181244246 918.527687296 136.695844185 31 5
963.1 202.5 963.367602112 202.5225025 11.8982277821 149.928745432 36.2269214255 31 7
953.6 244.5 953.6 244.601917466 12.3156028369 75.778751934 25.1969014969 32 8
962.8 302.2 962.666296348 302.216789822 13.9039210595 301.891507517 83.6409524747 33 10
960.9 346.1 960.926692408 346.234646807 18.1549368394 95.7141812865 38.37621498 34 13
942.9 396.2 942.716693976 396.3981991 19.9708125164 131.87048765 52.8005388331 36 15
959.5 441.8 959.553308517 442.08244156 25.8518277612 61.5791121229 37.0602624766 37 18
955.3 494.9 954.822588706 494.982497083 29.627749577 83.6752953003 48.0684273709 39 21
959.0 553.2 959.399749896 553.353709364 32.5339060263 113.126191557 61.9068574737 41 24
946.6 591.0 946.705189465 591.131362525 33.3260582011 97.7629959686 58.0707243543 44 28
940.6 636.7 940.730657036 636.788442839 38.4708222812 64.8208366219 49.0626586294 47 32
943.5 692.8 943.552419579 692.723030774 42.0788601723 119.693580291 75.0115214406 52 38
959.7 737.9 959.7 737.859007833 60.9795998431 72.7558948261 66.1059666224 57 45
945.0 801.8 945.078756563 801.933655609 62.7854008775 106.76963758 83.0559856631 63 53
949.1 846.4 949.231837755 846.494054895 84.4804025424 93.1618446174 88.5965462015 71 64
950.2 897.6 949.883372209 897.575067359 84.8040478381 104.800055772 94.5064609972 83 78
949.6 955.1 948.572379922 944.578445647 108.420490506 105.068398381 106.73597901 90 90
941.3 1005.5 928.405479452 973.378509197 116.832936508 107.16674889 111.830801634 88 92
933.3 1048.6 897.188175919 1008.05383465 131.180077138 97.2261525763 113.182375 85 95
958.5 1115.3 875.69789869 1029.5868913 138.581177977 91.9760123239 113.516214937 83 97
961.4 1152.9 852.514902212 1050.0 147.062317553 86.5939323221 114.123714319 81 99
945.1 1200.1 842.022421858 1063.68269444 151.000258498 83.4272828621 113.125766871 80 100
948.2 1225.9 820.972125352 1086.04193326 159.052746127 77.8377119064 113.28137222 78 102
1000.3 99.4 1000.21664861 82.1827201323 9.144875 3034.42748092 279.78818575 32 3
997.0 147.5 997.0 147.54508322 10.2629652997 634.06512425 90.3308402992 33 5
1010.9 206.8 1010.84384201 206.88045351 11.7406493026 578.468009479 109.466237614 34 7
1006.3 256.7 1006.3 256.749923596 12.9094655345 219.981642512 55.4416550903 35 9
999.1 303.4 998.905768323 303.113725926 14.6191011236 206.545083639 59.5871331613 36 11
1005.7 344.7 1005.7 344.891606448 16.7086273054 173.943272727 56.6380090498 37 13
994.9 395.2 994.872364657 395.276859389 20.0033783784 80.1126984127 36.9971279842 39 16
1004.2 447.0 1004.3394916 447.298198799 23.9635592163 74.1140202703 39.3664504972 41 19
979.0 493.1 979.0271952 493.237010281 24.4289899376 106.408163265 51.7298445332 44 22
1007.4 547.2 1007.45596978 547.336834209 33.7362691737 121.328157113 64.5125571692 47 26
992.0 599.6 991.917340222 599.616656018 33.7889208453 145.647857889 75.6638241277 50 30
999.3 652.5 999.3 652.626899675 41.5527368158 178.28784689 95.5665683829 54 35
1008.3 700.1 1008.35601978 700.216702784 48.3205319413 140.105282005 85.9272980706 60 42
996.2 749.8 996.2 749.862488541 65.4476897898 99.6552238806 80.2098332498 66 50
994.9 789.1 994.651337166 789.056163546 69.4847568657 103.093794864 84.3151263462 75 60
1004.0 858.1 997.240922635 854.255848681 75.2722611306 140.276001736 105.413173251 87 74
1005.4 908.6 1003.64362366 897.555086025 95.7481665631 130.886554045 112.441537257 95 85
996.1 958.7 975.134605972 931.65609394 107.137478109 120.007261411 113.456831784 92 88
1010.3 1000.9 953.513003356 950.221518987 113.489242054 113.893905749 113.69065455 90 90
997.6 1047.3 933.014652395 976.07373081 119.850135903 106.694963015 113.10505087 88 92
1017.3 1105.1 907.898259705 996.857851612 127.367342045 100.634918883 113.448109413 86 94
987.7 1145.6 885.300268898 1018.76389506 134.80407911 94.8363076269 113.308615174 84 96
997.7 1192.3 864.350002407 1040.62840934 142.319358367 89.1050706229 113.338627559 82 98
989.9 1248.8 841.493305627 1063.99072255 150.894229596 83.3605021729 113.199547219 80 100
1053.4 99.7 1052.81510272 77.0727307866 9.06816037736 3245.61761006 286.486684636 35 3
1055.1 152.4 1055.12930915 144.378947368 10.361495681 1472.12448812 194.895471464 35 5
1054.0 194.9 1053.97072304 195.019178387 11.6548871292 478.722365039 84.2072476789 37 7
1057.0 253.1 1056.94128104 249.591847915 12.8897906375 653.921674877 136.446069123 38 9
1063.4 297.1 1063.01613306 295.556538079 14.3688284273 579.882601351 137.281780633 39 11
1056.8 345.5 1056.94679817 345.874697589 16.1296383834 98.2781576107 36.4383951606 41 14
1054.3 404.0 1054.41715746 400.694272254 17.7216763348 332.015537601 104.425289327 43 16
1041.7 452.3 1041.75787544 452.3 21.0672380493 120.715229964 51.4341586236 46 20
1036.7 504.0 1036.23944913 498.488927963 22.6628468034 371.029169783 136.255019917 49 23
1051.4 549.2 1051.60447865 548.727484666 34.8348351909 203.1744 92.3323444453 52 27
1064.7 600.7 1064.87747958 600.183175599 39.4985226333 125.921271292 70.8385687382 57 33
1063.6 657.2 1063.54091439 657.145237897 54.4001883239 140.553126782 87.3470960238 62 39
1062.0 700.4 1062.05900328 696.588115037 50.3528368794 196.774977659 108.640412665 70 46
1051.1 751.5 1051.12919803 751.145292501 54.3352697095 171.2832668 103.002214993 79 56
1044.6 789.3 1044.83218493 786.960977096 70.1811775946 113.591964846 88.9409969481 91 70
1061.4 861.8 1049.62092078 851.814837186 86.4286049513 145.330922765 112.810066723 99 81
1060.1 911.0 1030.44605249 873.325699678 91.8405627198 138.24403147 113.352722928 97 83
1038.7 972.4 1007.38705245 898.10662425 97.7889327118 130.982691093 113.92507063 95 85
1041.8 997.6 974.859638178 930.838214712 107.204497041 120.090651209 113.514494504 92 88
1052.5 1058.6 952.895908256 950.980685731 113.455602046 113.684671197 113.570660034 90 90
1060.1 1104.2 931.660278788 973.84061344 120.061252581 107.160981514 113.477086375 88 92
1048.2 1138.8 907.859978347 997.125136811 127.716053666 100.672276068 113.637094538 86 94
1048.2 1189.2 887.219035079 1018.441336 134.648163077 94.8926106374 113.516698139 84 96
1051.7 1235.2 864.687342986 1040.38744999 142.265289822 89.1312098188 113.601366264 82 98
1105.2 94.8 1105.32281365 74.4697564808 9.10448942667 3337.86649215 273.825439783 37 3
1108.5 150.2 1108.5923827 136.301076353 10.4317771764 1724.4624374 214.426286509 38 5
1103.8 202.8 1103.0952447 188.451511319 11.427196558 1198.50995025 194.265229885 40 7
1086.5 260.0 1086.19827826 237.545364566 12.5921098166 922.31039461 188.491858193 41 9
1102.9 297.1 1102.9 297.141269621 14.6217322119 161.532413216 46.0153722406 43 12
1100.3 347.0 1100.26943696 347.067485344 16.094224924 294.392715471 82.3023335621 45 14
1105.6 407.1 1105.53858119 383.40353172 17.4948910082 520.668809305 153.633126294 48 17
1092.5 454.5 1092.43930893 447.587263377 20.8088975297 332.099700354 112.854691905 51 21
1102.2 507.0 1102.16938418 502.104481307 24.1150432408 336.254814815 122.585683128 55 25
1098.9 549.4 1098.65585425 547.589911127 28.9083162918 308.202580353 122.245839637 60 30
1101.9 595.1 1100.89085005 595.050412466 36.734241908 132.226557583 70.2747568523 65 36
1091.0 657.0 1091.0 648.248643315 42.42956621 247.190521327 119.388172426 73 43
1107.3 703.1 1107.11548075 700.686524194 54.9078341014 162.227272727 96.6083430692 83 53
1104.9 754.9 1104.56249479 749.259739186 57.8677415718 191.108260222 111.852045607 96 65
1109.0 807.2 1103.87922692 798.966209343 72.9394790029 167.590895014 112.724615985 104 76
1104.1 852.7 1084.5480095 818.046635576 78.2841665726 159.772621472 113.883253893 102 78
1101.7 889.0 1051.74224344 850.943897899 86.3911725067 146.520488957 113.272557908 99 81
1125.4 943.3 1029.4600432 875.768516608 92.0490035936 138.756717975 113.300195857 97 83
1099.5 997.3 997.580523212 907.644857923 100.939977728 127.630002455 113.635116198 94 86
1106.1 1045.6 974.013013062 930.387068071 107.256074766 120.18914512 113.536451558 92 88
1077.9 1105.9 953.425061425 950.698474103 113.414077505 113.802555422 113.611617059 90 90
1095.9 1151.1 931.579693034 973.720569576 120.234626405 107.25931742 113.5804789 88 92
1081.4 1194.9 908.442619125 996.765223839 127.598082925 100.801548205 113.509329246 86 94
1094.0 1248.7 887.106946572 1018.23865181 134.809674948 94.9025277671 113.524232675 84 96
1145.7 101.7 1145.41364659 70.0533838471 8.82275161185 3584.44823386 303.205876454 40 3
1135.2 144.3 1135.29460788 129.018478045 10.1953693495 1824.40156114 214.810427467 41 5
1146.3 194.9 1145.88620776 178.743567535 11.4419414517 1200.02933833 187.896117135 43 7
1140.5 258.9 1139.99333629 258.56243238 13.182530054 776.815339521 153.830034191 45 10
1161.8 299.9 1160.57494867 298.564752081 14.6578890568 469.757028955 107.756116405 47 12
1132.0 352.0 1132.15724406 332.974222876 15.9820637733 609.606777268 157.721533923 50 15
1140.8 403.0 1140.64157756 397.033469254 18.5028062067 276.294300841 85.8120019515 53 19
1144.5 449.8 1143.6422683 439.424694708 20.2020913594 437.255164712 138.137206916 57 22
1144.1 504.0 1142.92532675 498.06472865 23.411285062 335.997281937 118.921706304 62 27
1143.8 547.6 1143.51412147 547.782594198 27.0240148455 209.078211009 85.7294578803 68 33
1147.9 613.7 1146.81689515 599.609184172 32.028029323 274.441661576 115.942412067 76 40
1142.6 651.6 1142.6 646.981272582 37.0878134238 246.50363706 113.286759072 86 49
1141.9 698.8 1141.17091858 696.285635206 47.6239465908 170.709941312 94.5150406504 100 61
1165.4 739.2 1161.27103632 737.806365754 60.5920685959 170.885515604 103.301261001 109 71
1133.8 796.3 1129.75172299 775.113562622 67.7162191901 177.52156924 113.082009557 106 74
1155.8 843.3 1100.52898857 804.249231747 74.2135528003 164.871128724 112.413198095 104 77
1148.7 885.8 1074.63943245 830.480754206 80.7744320617 155.058152476 113.09594431 101 79
1156.6 945.8 1051.61388089 853.096812989 86.2530387908 146.611865064 113.407140365 99 81
1154.3 1004.3 1020.17528785 887.909820968 94.6376475548 134.405231924 113.142068188 96 84
1146.4 1053.9 996.460390661 908.012636416 101.038697399 127.419699231 113.686884253 94 86
1140.5 1102.6 974.670623145 931.599699587 107.129780697 119.863134899 113.3992148 92 88
1149.2 1147.1 952.090764734 952.894755059 113.759146979 113.268514644 113.51390777 90 90
1146.5 1194.0 929.950656783 974.583380569 120.735518213 107.091455474 113.773308117 88 92
1162.2 1243.1 908.027866398 995.829902757 127.473678831 101.091772152 113.861758448 86 94
1190.6 102.3 1189.34458072 102.522131284 9.56845393024 109.84725537 17.6153404194 43 4
1207.0 155.6 1199.37066991 155.829415528 11.0580878553 156.014622258 27.4198606272 45 6
1205.1 209.4 1199.43599668 207.852652476 11.9824979287 779.415538552 126.810215764 47 8
1192.6 250.6 1190.41756779 245.632759747 13.1038131154 736.723414878 138.604727682 49 10
1205.8 292.2 1198.4098062 286.454986112 15.0096133967 676.175664096 143.520736176 52 13
1209.2 352.6 1199.17357649 341.253326881 16.6758428704 599.886792453 147.651183243 56 16
1204.8 407.8 1195.60051823 394.009661836 19.1641528926 499.24336688 140.638012192 60 20
1194.0 458.3 1189.27593172 434.338966988 21.2596725415 443.013039935 138.250941974 65 24
1189.0 500.3 1188.24084613 496.425126099 24.9987466054 369.460345259 126.451330042 71 30
1211.7 550.0 1196.24845742 539.715422777 28.3485128205 328.875512062 121.710760747 79 36
1191.9 589.8 1189.02651925 589.816383788 33.2115284026 168.752494163 77.9580939033 90 45
1200.3 645.3 1193.00938708 639.70260223 40.3724288386 185.426445335 91.507701621 104 57
1196.4 698.9 1192.26020761 686.542239686 45.9547717842 220.872192513 110.301442623 114 66
1198.9 755.9 1184.94399297 719.809549001 55.8687519485 204.013112604 113.349592979 111 69
1194.9 786.3 1152.38962709 753.341317365 62.9571710049 187.219439193 112.28597336 108 72
1193.5 832.0 1116.69612226 786.183001732 70.4060119415 172.564494582 112.241869795 105 75
1212.0 902.1 1096.50180941 809.239739852 75.3551213617 163.649025447 113.024195877 103 77
1204.4 940.3 1063.20100047 840.783885149 83.5737787646 150.89025814 113.030708974 100 80
1179.9 995.4 1042.28891125 864.750597263 88.8166082835 142.269727228 113.314711463 98 82
1201.0 1050.8 1018.30000707 887.021361409 94.9636436678 134.921629375 113.613699657 96 84
1195.5 1103.3 997.936327591 908.024324448 100.663013974 127.323705071 113.479797452 94 86
1200.3 1131.7 974.33538524 930.143147417 107.359194256 120.315177155 113.646666324 92 88
1195.0 1193.9 953.457446809 952.579787234 113.43511679 113.65276808 113.543980442 90 90
1212.1 1251.9 931.290150464 974.093846586 120.134453782 107.033226051 113.479901914 88 92
1254.1 103.4 1196.85064419 103.552452221 8.66768262708 165.365269461 20.5559694712 47 4
1251.2 151.2 1199.29708717 151.21260105 10.1285827239 192.275862069 29.6994530699 49 6
1239.8 197.5 1198.87184722 196.941997673 11.1966426859 903.994981179 133.858300293 52 8
1254.0 253.7 1198.31178828 236.128131544 12.9951752659 842.12040619 153.26276178 55 11
1255.1 300.1 1199.26743816 294.99494853 14.3955503052 505.363825364 108.384143915 58 14
1245.0 348.8 1199.77514254 325.288845138 16.3543283582 636.674052895 151.445750311 62 17
1252.4 407.5 1198.81943152 392.057298626 19.2832478295 506.0 137.426148674 68 22
1249.2 458.0 1198.91229006 446.128037231 22.2458919026 411.719727891 126.137620672 74 27
1255.8 497.4 1199.29966044 486.058631922 25.2297323888 380.369866465 124.964480294 83 33
1246.0 555.2 1199.74323312 537.839728755 29.6342942346 323.104166667 119.833241531 94 41
1264.1 595.6 1198.7040354 591.003307607 35.6109810806 283.959561921 114.211105186 109 52
1248.1 648.1 1198.94332373 643.381866314 42.0258646319 235.085504729 107.521018858 118 62
1224.0 698.2 1196.09120521 675.459529184 44.4814777328 227.55048976 110.821103582 115 65
1241.3 749.2 1199.29148439 696.696200243 46.5636291047 215.590759619 110.412024098 113 67
1256.1 785.7 1173.77287476 732.910113233 58.2552129222 197.460971787 111.773305212 110 70
1239.6 839.7 1140.64872326 764.406008193 65.5687147522 182.569553806 112.865605659 107 73
1253.9 895.9 1119.30372685 785.83889674 70.3143884193 173.167775214 113.220441676 105 75
1244.9 954.2 1084.98523217 818.606867955 78.2275425791 159.350272462 113.465870307 102 78
1251.6 999.3 1065.14112808 840.768439749 83.1803721199 150.685642075 113.203993148 100 80
1260.3 1048.3 1041.25949556 862.818079974 89.084490961 142.720178245 113.454729519 98 82
1250.1 1094.6 1019.03403301 886.834406085 94.841485594 134.211238407 113.239598205 96 84
1240.0 1162.5 996.428571429 907.690972975 100.786071566 127.743542624 113.863602595 94 86
1245.6 1203.9 974.817391304 929.732280762 107.17237432 120.32704217 113.650997289 92 88
1245.6 1240.3 952.455395072 951.170568562 113.557971703 113.840655675 113.699058219 90 90
