100.0 100.0 100.1001001 100.1001001 7.19023779725 7.15018773467 7.17021276596 9.42808219178 9.42600513259
100.0 150.0 100.1001001 150.100066711 7.29161451815 6.7247706422 6.95145145145 9.51172893136 9.82189400521
100.0 200.0 100.1001001 200.100050025 7.2140175219 7.93433395872 7.69432860717 9.39175257732 9.58419243986
100.0 250.0 100.1001001 250.097260046 8.4055068836 7.49024512256 7.75160829164 9.27552816901 10.4735915493
100.0 300.0 100.1001001 300.100033344 7.65581977472 8.72696957065 8.4593495935 9.54593639576 10.3180212014
100.0 350.0 100.1001001 350.097249236 8.28660826033 7.40535714286 7.60100027785 9.06586826347 9.7878528657
100.0 400.0 100.1001001 400.100025006 8.52315394243 10.1956861519 9.86143071536 9.14073426573 10.3907342657
100.0 450.0 100.1001001 450.100022227 7.93617021277 10.4854126146 10.0222828558 9.39383259912 10.3955947137
100.0 500.0 100.1001001 500.09724113 8.54818523154 9.8672168042 9.64756148395 9.38454627134 11.0296495957
100.0 550.0 100.1001001 550.091681947 8.52565707134 16.1713636364 14.996345451 9.38401390096 9.9574283232
100.0 600.0 100.1001001 600.100016669 8.112640801 12.4480100021 11.8292247231 9.30147058824 11.8566176471
100.0 650.0 100.1001001 650.090290318 7.77722152691 17.9634615385 16.6067677946 9.43465634076 13.4874274662
100.0 700.0 100.1001001 700.097235727 9.71088861076 19.047151277 17.881212879 9.20260782347 15.0030090271
100.0 750.0 100.1001001 750.083342594 9.22027534418 17.0643333333 16.142520959 9.40985324948 16.4109014675
100.0 800.0 100.1001001 800.088898767 10.8272841051 13.7260509455 13.4042789664 9.24153498871 19.5033860045
100.0 850.0 100.1001001 850.094454939 12.6220275344 13.5033093102 13.4106343775 9.16129032258 21.9486260454
100.0 900.0 100.1001001 900.100011112 13.0588235294 12.7203778303 12.7541885471 9.46315789474 26.0013157895
100.0 950.0 100.1001001 950.079173264 14.6245306633 12.9036842105 13.0673889749 9.43801652893 28.2575757576
100.0 1000.0 100.1001001 1000.08334028 17.0075093867 11.16975 11.6998522559 9.25528700906 33.2764350453
100.0 1050.0 100.1001001 1050.08750729 18.464330413 10.6051190476 11.2877486683 9.17580645161 37.0193548387
100.0 1100.0 100.1001001 1100.09167431 17.9837296621 10.7416751904 11.3445509481 9.48067226891 39.1512605042
100.0 1150.0 100.1001001 1150.09584132 20.1714643304 11.1313043478 11.8536853685 9.28169014085 42.2816901408
100.0 1200.0 100.1001001 1200.03333426 20.4530663329 11.4917178873 12.1803231391 9.30575539568 43.6276978417
100.0 1250.0 100.1001001 1200.03200085 20.4518147685 11.4482622042 12.108368508 9.3044982699 43.7197231834
150.0 100.0 150.100066711 100.1001001 6.49291075897 7.42678347935 6.86636636637 9.82363162467 9.49609035621
150.0 150.0 150.100066711 150.100066711 7.58465387823 7.66388657214 7.62427022519 9.7736013986 9.73624454148
150.0 200.0 150.100066711 200.100050025 6.69724770642 8.35397123202 7.64403145104 9.81881533101 9.57789382071
150.0 250.0 150.100066711 250.097260046 7.12176814012 8.0100050025 7.67698561601 9.80939716312 10.1470327724
150.0 300.0 150.100066711 300.100033344 -0.0758965804837 6.62984576907 4.39521956643 11.9700598802 12.0199600798
150.0 350.0 150.100066711 350.097249236 6.17597998332 9.72785714286 8.66291572893 9.93939393939 9.3012987013
150.0 400.0 150.100066711 400.100025006 6.84320266889 10.3079087215 9.3633469759 9.92535971223 10.5197841727
150.0 450.0 150.100066711 450.100022227 8.38115095913 10.8713531537 10.2490621092 9.68500443656 10.3318544809
150.0 500.0 150.100066711 500.09724113 7.10842368641 9.99249812453 9.32724124663 9.64466546112 10.9710669078
150.0 550.0 150.100066711 550.091681947 7.74562135113 15.7456818182 14.0325058046 9.63652326602 10.0474100088
150.0 600.0 150.100066711 600.100016669 0.149291075897 18.2348405918 14.6195398466 10.9342629482 13.0139442231
150.0 650.0 150.100066711 650.090290318 5.89658048374 17.5557692308 15.3711517425 9.90532544379 13.6962524655
150.0 700.0 150.100066711 700.097235727 7.91826522102 19.1703875692 17.1857899382 9.21263791374 14.9759277834
150.0 750.0 150.100066711 750.083342594 11.9474562135 17.0946666667 16.2373940825 9.50315789474 16.4726315789
150.0 800.0 150.100066711 800.088898767 11.6955796497 13.7985622754 13.4667017636 9.44823663254 19.5949943117
150.0 850.0 150.100066711 850.094454939 12.6755629691 13.9966171496 13.7985746437 9.56280193237 22.0338164251
150.0 900.0 150.100066711 900.100011112 13.8723936614 12.7960827893 12.9497499405 9.63720316623 25.9683377309
150.0 950.0 150.100066711 950.079173264 15.7539616347 12.6134210526 13.0413683373 9.44060773481 28.3991712707
150.0 1000.0 150.100066711 1000.08334028 17.5487906589 11.48125 12.2720947929 9.72061068702 33.3140243902
150.0 1050.0 150.100066711 1050.08750729 18.6722268557 10.5325 11.5492238775 9.36097560976 37.3024390244
150.0 1100.0 150.100066711 1100.09167431 20.5104253545 10.6987157632 11.875375075 9.6797274276 39.7193877551
150.0 1150.0 150.100066711 1150.09584132 19.7814845705 11.3135869565 12.2899317242 9.68505338078 42.5071174377
150.0 1200.0 150.100066711 1199.86668148 21.2443703086 11.08375 12.2118714696 9.53284671533 44.3083941606
150.0 1250.0 150.100066711 1199.84002133 21.2443703086 11.0573267327 12.1383308257 9.5 44.236013986
200.0 100.0 200.100050025 100.1001001 7.93558474046 7.31414267835 7.72852376981 9.58540772532 9.36878216123
200.0 150.0 200.100050025 150.100066711 8.54846779237 6.57297748123 7.70192994996 9.57229965157 9.8362369338
200.0 200.0 200.100050025 200.100050025 7.96060037523 7.96622889306 7.96341463415 9.64756944444 9.65221162186
200.0 250.0 200.100050025 250.097260046 8.29706066291 7.62631315658 7.9244024458 9.48984995587 10.3298059965
200.0 300.0 200.100050025 300.100033344 8.82238899312 8.88620258441 8.86068034017 9.6140969163 10.1522887324
200.0 350.0 200.100050025 350.097249236 7.78173858662 8.20678571429 8.05228461014 9.43284858854 9.42172797263
200.0 400.0 200.100050025 400.100025006 8.82051282051 10.4767114723 9.9247603168 9.33274956217 10.2556917688
200.0 450.0 200.100050025 450.100022227 8.68417761101 10.5846068352 10.0 9.55319148936 10.4370567376
200.0 500.0 200.100050025 500.09724113 8.25766103815 10.0035008752 9.50482315113 9.48876909254 10.9254267745
200.0 550.0 200.100050025 550.091681947 8.78424015009 19.2256818182 16.4425737623 9.69542253521 10.0616197183
200.0 600.0 200.100050025 600.100016669 8.54596622889 13.1552406751 12.0032822757 9.68194574369 12.0636108513
200.0 650.0 200.100050025 650.090290318 9.01250781739 18.7259615385 16.4415355199 9.76125244618 13.553816047
200.0 700.0 200.100050025 700.097235727 11.5190744215 18.9021253795 17.262017227 9.47213779129 15.1124620061
200.0 750.0 200.100050025 750.083342594 11.5953721076 17.3091666667 16.1068561653 9.67164179104 16.7699680511
200.0 800.0 200.100050025 800.088898767 12.2251407129 13.9757774652 13.6257814454 9.5171624714 19.7654462243
200.0 850.0 200.100050025 850.094454939 15.2407754847 13.8790998676 14.1383662777 9.37783075089 21.6543504172
200.0 900.0 200.100050025 900.100011112 15.4183864916 12.8156688429 13.2887019777 9.65211640212 26.0793650794
200.0 950.0 200.100050025 950.079173264 16.3070669168 13.1518421053 13.7002935102 9.71844660194 28.3328710125
200.0 1000.0 200.100050025 1000.08334028 18.6422764228 11.29475 12.5186998646 9.47872340426 33.3617021277
200.0 1050.0 200.100050025 1050.08750729 19.5928705441 10.6814285714 12.1065106511 9.38249594814 37.095623987
200.0 1100.0 200.100050025 1100.09167431 18.9912445278 11.0067053074 12.2345643393 10.1497418244 39.9810671256
200.0 1150.0 200.100050025 1150.09584132 20.9074421513 11.2979347826 12.7208074822 9.6 42.1855123675
200.0 1200.0 200.100050025 1199.83335648 20.0312695435 11.279091572 12.5288444365 10.332103321 44.2564575646
200.0 1250.0 200.100050025 1199.84002133 20.0306441526 11.2695316368 12.4670883912 10.2756183746 44.1713780919
250.0 100.0 250.097260046 100.1001001 7.41970985493 8.48310387985 7.72337383846 10.5520282187 9.24955908289
250.0 150.0 250.097260046 150.100066711 7.99049524762 7.20850708924 7.69731081926 10.1980461812 9.82519964508
250.0 200.0 250.097260046 200.100050025 7.65132566283 8.30331457161 7.94107837688 10.2676056338 9.48327464789
250.0 250.0 250.097260046 250.097260046 8.63981990995 8.77338669335 8.70660330165 10.0292553191 9.95478723404
250.0 300.0 250.097260046 300.100033344 8.06503251626 9.08253438933 8.62005457026 10.2093862816 10.3438628159
250.0 350.0 250.097260046 350.097249236 7.49874937469 10.0067857143 8.96207543238 10.6505376344 9.66159355416
250.0 400.0 250.097260046 400.100025006 8.25762881441 10.627696155 9.71623701424 9.9750667854 10.1361209964
250.0 450.0 250.097260046 450.100022227 8.43471735868 10.5673798277 9.8058235084 10.012715713 10.7593097184
250.0 500.0 250.097260046 500.09724113 9.70335167584 10.7736934234 10.4169723241 10.0697463768 10.6123188406
250.0 550.0 250.097260046 550.091681947 8.08554277139 14.7570454545 12.6729176434 10.1740306583 10.3651938683
250.0 600.0 250.097260046 600.100016669 10.0505252626 14.6103354866 13.2694910268 9.70637898687 12.1425891182
250.0 650.0 250.097260046 650.090290318 10.7868934467 18.5046153846 16.3615779969 9.71624266145 13.595890411
250.0 700.0 250.097260046 700.097235727 11.3986993497 19.0625111627 17.0461963675 9.90637860082 15.2170781893
250.0 750.0 250.097260046 750.083342594 12.4112056028 17.2753333333 16.0597574697 9.85515021459 16.8830472103
250.0 800.0 250.097260046 800.088898767 13.3011505753 14.2795749336 14.0466777804 9.83699421965 19.8579676674
250.0 850.0 250.097260046 850.094454939 14.6503251626 14.0463303427 14.1835644465 9.62181818182 22.0944309927
250.0 900.0 250.097260046 900.100011112 16.5212606303 13.04736769 13.8023483366 9.85239361702 26.1502659574
250.0 950.0 250.097260046 950.079173264 17.6888444222 12.8227631579 13.8361287634 9.71727019499 28.5640668524
250.0 1000.0 250.097260046 1000.08334028 18.9419709855 11.246 12.7845784578 9.59574468085 33.2553191489
250.0 1050.0 250.097260046 1050.08750729 20.4357178589 10.475 12.3897490143 9.6699669967 37.8762376238
250.0 1100.0 250.097260046 1100.09167431 20.715857929 11.0639845437 12.8508057048 9.84760273973 39.8598290598
250.0 1150.0 250.097260046 1150.09584132 26.188094047 11.2280434783 13.8983837843 9.40812720848 42.3657243816
250.0 1200.0 250.097260046 1199.96666759 34.0060030015 11.2473174289 15.1699430936 9.42545454545 44.1909090909
250.0 1250.0 250.097260046 1199.96800085 34.0060030015 11.213090405 14.9792527691 9.40314136126 44.1867364747
300.0 100.0 300.100033344 100.1001001 8.65610671113 7.54818523154 8.37929956223 10.2886142983 9.53174603175
300.0 150.0 300.100033344 150.100066711 6.63026260942 -0.069224353628 4.39772095609 11.9910179641 11.9820538385
300.0 200.0 300.100033344 200.100050025 8.73739057941 8.91494684178 8.8084042021 10.3221238938 9.58885941645
300.0 250.0 300.100033344 250.097260046 9.14672780325 8.01150575288 8.63074124602 10.3321299639 10.215509468
300.0 300.0 300.100033344 300.100033344 6.61817423927 6.65360566903 6.63588995415 12.0109780439 11.9720837488
300.0 350.0 300.100033344 350.097249236 8.76615256357 9.97321428571 9.41623389113 10.282208589 9.33829973707
300.0 400.0 300.100033344 400.100025006 9.32430179241 10.7542982182 10.1414790997 10.4418181818 10.35
300.0 450.0 300.100033344 450.100022227 6.62734472697 9.79688802445 8.52917639213 11.9730807577 11.9950149551
300.0 500.0 300.100033344 500.09724113 9.42851187995 10.503875969 10.1006564551 10.0917347866 10.6748410536
300.0 550.0 300.100033344 550.091681947 9.50937890788 17.1534090909 14.4562435652 10.1456834532 10.3021582734
300.0 600.0 300.100033344 600.100016669 7.4197582326 18.980412586 15.127396499 10.9710867398 13.0079760718
300.0 650.0 300.100033344 650.090290318 10.2413505627 19.0094230769 16.2413475457 10.5963488844 14.0162271805
300.0 700.0 300.100033344 700.097235727 11.7436431847 18.8006786926 16.6839209802 10.1983298539 15.4812108559
300.0 750.0 300.100033344 750.083342594 11.5172988745 16.9901666667 15.42695559 10.6525612472 17.5378619154
300.0 800.0 300.100033344 800.088898767 13.5623176323 14.0371933115 13.9077062969 9.82968929804 19.6985040276
300.0 850.0 300.100033344 850.094454939 14.859524802 14.17208413 14.3513807349 10.26875 22.8575
300.0 900.0 300.100033344 900.100011112 16.1696540225 13.060425059 13.8375703272 10.2345013477 26.397574124
300.0 950.0 300.100033344 950.079173264 18.4914547728 12.8339473684 14.1913191319 10.3266475645 29.3839541547
300.0 1000.0 300.100033344 1000.08334028 27.9024593581 11.717875 15.4515818829 10.2142857143 33.8260869565
300.0 1050.0 300.100033344 1050.08750729 33.8386827845 11.123452381 16.1696453375 10.7939189189 38.1891891892
300.0 1100.0 300.100033344 1100.09167431 39.7507294706 11.6046141607 17.6344883015 11.2375886525 40.6601769912
300.0 1150.0 300.100033344 1150.09584132 36.7865777407 12.2213043478 17.3020950082 12.0242990654 43.3805970149
300.0 1200.0 300.100033344 1199.93333704 37.759483118 13.9303125 18.6945578798 12.1098484848 44.2765151515
300.0 1250.0 300.100033344 1199.93600341 37.7907461442 13.7513861386 18.3653892311 11.9963636364 44.3672727273
350.0 100.0 350.097249236 100.1001001 7.53464285714 8.20901126408 7.68435676577 9.78015397776 9.07869974337
350.0 150.0 350.097249236 150.100066711 9.54714285714 6.40783986656 8.60590147537 9.27374784111 9.86798964625
350.0 200.0 350.097249236 200.100050025 8.235 7.79987492183 8.07683564446 9.42429426861 9.43370402053
350.0 250.0 350.097249236 250.097260046 9.95214285714 7.42671335668 8.90018753907 9.68369175627 10.6293643688
350.0 300.0 350.097249236 300.100033344 9.6925 8.96456857024 9.35660703982 9.30252833479 10.137630662
350.0 350.0 350.097249236 350.097249236 7.75428571429 7.71357142857 7.73392857143 9.4251497006 9.43370402053
350.0 400.0 350.097249236 400.100025006 10.4867857143 10.2100656455 10.3392232039 9.44955752212 10.4633068081
350.0 450.0 350.097249236 450.100022227 10.3110714286 10.2592386774 10.2819190499 9.47818343722 10.6518254675
350.0 500.0 350.097249236 500.09724113 9.94607142857 10.3630907727 10.1913516694 9.76438848921 10.6648697215
350.0 550.0 350.097249236 550.091681947 9.73785714286 12.0361363636 11.1423611111 9.16309012876 9.79588336192
350.0 600.0 350.097249236 600.100016669 10.8732142857 15.04417587 13.5073035926 9.85471698113 12.1877358491
350.0 650.0 350.097249236 650.090290318 11.565 18.8330769231 16.28925 10.0486111111 13.753968254
350.0 700.0 350.097249236 700.097235727 14.0671428571 18.9758885515 17.339445172 9.45795339412 15.1175278622
350.0 750.0 350.097249236 750.083342594 13.9657142857 17.3783333333 16.2925 9.94924406048 17.0237580994
350.0 800.0 350.097249236 800.088898767 15.1932142857 14.5125800906 14.719752147 9.99535423926 19.9303135889
350.0 850.0 350.097249236 850.094454939 16.5517857143 13.9947051037 14.740597979 10.33 22.7875
350.0 900.0 350.097249236 900.100011112 26.2546428571 13.2085011807 16.8617861786 9.94385026738 26.2901069519
350.0 950.0 350.097249236 950.079173264 35.09 12.9444736842 18.9067307692 10.6865889213 29.944606414
350.0 1000.0 350.097249236 1000.08334028 38.58 12.35125 19.1512962963 12.0147783251 35.206557377
350.0 1050.0 350.097249236 1050.08750729 40.4110714286 12.6747619048 19.6088392857 12.9330985915 38.5553602812
350.0 1100.0 350.097249236 1100.09167431 40.6242857143 13.1827480395 19.8071385464 13.5703703704 41.287037037
350.0 1150.0 350.097249236 1150.09584132 40.8825 14.4711956522 20.6338333333 14.2062256809 44.0408560311
350.0 1200.0 350.097249236 1174.74302496 41.1878571429 82.9637440266 73.5502172863 14.2350674374 44.8285163776
350.0 1250.0 350.097249236 1174.81203008 41.1917857143 79.6596858639 71.3249245531 14.0276243094 44.7034990792
400.0 100.0 400.100025006 100.1001001 10.2416380119 8.31914893617 9.85742871436 10.3784965035 9.14497816594
400.0 150.0 400.100025006 150.100066711 10.3010315724 6.81818181818 9.35152341974 10.5278776978 9.90116801438
400.0 200.0 400.100025006 200.100050025 10.3247889966 9.08818011257 9.91267194664 10.3362521891 9.25831873905
400.0 250.0 400.100025006 250.097260046 10.6289465458 8.11655827914 9.66275490573 10.1348214286 10.0588760036
400.0 300.0 400.100025006 300.100033344 10.7668021257 9.40516882034 10.1832797428 10.3689936537 10.3417951043
400.0 350.0 400.100025006 350.097249236 10.2097530478 10.5371428571 10.3625604267 10.5079787234 9.47872340426
400.0 400.0 400.100025006 400.100025006 11.1531728665 10.9674898406 11.0603313535 9.8872246696 9.9013215859
400.0 450.0 400.100025006 450.100022227 10.6123788684 10.7716032231 10.6966754928 10.4944954128 10.6036697248
400.0 500.0 400.100025006 500.09724113 10.766489528 10.5506376594 10.6465684912 10.0125786164 10.4007187781
400.0 550.0 400.100025006 550.091681947 10.368240075 15.5943181818 13.3942624029 11.1669847328 11.2700381679
400.0 600.0 400.100025006 600.100016669 11.2969678024 16.2754740571 14.284196049 10.4615384615 12.2403846154
400.0 650.0 400.100025006 650.090290318 12.8980931541 19.4646153846 16.9635670913 10.2105788423 13.8113772455
400.0 700.0 400.100025006 700.097235727 14.1972491404 18.347204858 16.8382586952 10.5529661017 15.6959745763
400.0 750.0 400.100025006 750.083342594 16.911222257 17.3218333333 17.1790412001 10.453038674 17.4342541436
400.0 800.0 400.100025006 800.088898767 23.0615817443 14.4395999375 17.3132944363 10.1615925059 20.0983606557
400.0 850.0 400.100025006 850.094454939 30.5686151922 14.1757611413 19.4208841768 10.9523809524 23.5070785071
400.0 900.0 400.100025006 900.100011112 32.7214754611 13.9780525073 19.7445662627 12.3718887262 28.4875549048
400.0 950.0 400.100025006 950.079173264 35.3569865583 13.5876315789 20.0363922585 13.5104669887 32.5546623794
400.0 1000.0 400.100025006 1000.08334028 36.2682088153 13.841 20.2473435128 14.6579406632 36.2770034843
400.0 1050.0 400.100025006 1050.08750729 36.9856205064 14.2675 20.5331494094 15.5474860335 39.6078066914
400.0 1100.0 400.100025006 1100.09167431 36.7436698968 15.5851801341 21.2266211035 16.6155378486 43.2848605578
400.0 1150.0 400.100025006 1131.58038594 36.6101906846 92.2811550152 77.9316735154 16.9417670683 44.7771084337
400.0 1200.0 400.100025006 1133.62023722 37.0440762738 87.7887265995 75.22529216 16.6461538462 44.7942307692
400.0 1250.0 400.100025006 1136.10543058 37.0440762738 84.0387399726 72.83719544 16.3198529412 44.6893382353
450.0 100.0 450.100022227 100.1001001 10.5282022784 7.97496871089 10.0643474307 10.4492497793 9.39364518976
450.0 150.0 450.100022227 150.100066711 10.8438455126 8.56380316931 10.2740725302 10.3289007092 9.63684676705
450.0 200.0 450.100022227 200.100050025 10.5568213393 8.75547217011 10.0026933436 10.4539007092 9.53634751773
450.0 250.0 450.100022227 250.097260046 10.5290358433 8.51125562781 9.8085030368 10.7547683924 10.0036297641
450.0 300.0 450.100022227 300.100033344 9.81550430675 6.60525218841 8.5315105035 11.9451645065 12.0069721116
450.0 350.0 450.100022227 350.097249236 10.324256738 10.4339285714 10.3722456634 10.5776397516 9.43566992014
450.0 400.0 450.100022227 400.100025006 10.8705195888 10.6092528915 10.7475728155 10.4790145985 10.4452554745
450.0 450.0 450.100022227 450.100022227 11.3525979439 11.2358988608 11.2942484023 10.4616087751 10.5182815356
450.0 500.0 450.100022227 500.09724113 10.5751597666 10.8887221805 10.7401947881 10.6797445255 10.2436131387
450.0 550.0 450.100022227 550.091681947 10.8230063907 16.3004545455 13.8359794974 10.4588665448 10.5310786106
450.0 600.0 450.100022227 600.100016669 12.1617115866 18.2323400708 15.6307454156 10.8664007976 13.111665005
450.0 650.0 450.100022227 650.090290318 15.6651847735 19.0884615385 17.6882600295 10.7770961145 14.1370143149
450.0 700.0 450.100022227 700.097235727 16.1761600445 18.8265761743 17.7895194608 11.2587336245 16.1495633188
450.0 750.0 450.100022227 750.083342594 26.282578494 16.5253333333 20.1836649651 10.9265536723 17.8531073446
450.0 800.0 450.100022227 800.088898767 27.8055015282 15.1892483201 19.7307461492 12.0736040609 21.6894803549
450.0 850.0 450.100022227 850.094454939 31.3017504862 14.7381967936 20.4712444701 13.5157142857 26.0371428571
450.0 900.0 450.100022227 900.100011112 32.2320088914 14.5852201695 20.4669383219 15.0881410256 30.7756410256
450.0 950.0 450.100022227 950.079173264 31.6582383996 14.9081578947 20.2910974194 16.296875 34.3940972222
450.0 1000.0 450.100022227 1000.08334028 31.841622673 14.90075 20.1572549358 17.913957935 39.1223709369
450.0 1050.0 450.100022227 1050.08750729 32.1625451514 15.4513095238 20.4637053088 18.9918699187 42.3861788618
450.0 1100.0 450.100022227 1094.64838567 32.7552097805 99.8707807705 80.3878851428 19.5756302521 44.7331932773
450.0 1150.0 450.100022227 1097.85202864 32.8043901084 96.2534165501 78.5406453615 19.1164658635 44.7710843373
450.0 1200.0 450.100022227 1102.29389401 32.9399833287 92.0316520319 76.1523930411 18.6525911708 44.7408829175
450.0 1250.0 450.100022227 1104.72823685 32.8107807724 88.3793371562 73.979046659 18.2422018349 44.6660550459
500.0 100.0 500.09724113 100.1001001 9.78594648662 8.84981226533 9.63005418925 11.0754716981 9.33303411131
500.0 150.0 500.09724113 150.100066711 9.91597899475 7.30191826522 9.31300500192 10.9936708861 9.61607949413
500.0 200.0 500.09724113 200.100050025 9.88247061765 8.67229518449 9.53679885673 11.0035938904 9.39766606822
500.0 250.0 500.09724113 250.097260046 11.0090022506 9.44872436218 10.4889963321 10.6357856494 10.1179673321
500.0 300.0 500.09724113 300.100033344 10.6529132283 9.25802417674 10.1298843389 10.6041856233 10.2256596906
500.0 350.0 500.09724113 350.097249236 10.2740685171 9.92214285714 10.1291366377 10.6816546763 9.76079136691
500.0 400.0 500.09724113 400.100025006 10.5553888472 10.7477336668 10.6408724646 10.3899371069 10.0269541779
500.0 450.0 500.09724113 450.100022227 11.0 10.503473187 10.764806528 10.2285191956 10.7486288848
500.0 500.0 500.09724113 500.09724113 12.0930232558 12.0307576894 12.0618904726 10.8924228251 10.846728972
500.0 550.0 500.09724113 550.091681947 11.008752188 15.3054545455 13.2596737707 10.2418478261 10.4429347826
500.0 600.0 500.09724113 600.100016669 14.7711927982 16.1481558658 15.5222777904 10.3119001919 12.3243761996
500.0 650.0 500.09724113 650.090290318 20.7341835459 19.4736538462 20.0216327862 10.8940329218 14.2469135802
500.0 700.0 500.09724113 700.097235727 25.4216054014 19.2905876049 21.84507189 11.7841163311 16.5782997763
500.0 750.0 500.09724113 750.083342594 27.0505126282 17.7291666667 21.4571457146 12.7542579075 19.1569343066
500.0 800.0 500.09724113 800.088898767 27.9712428107 15.8188779497 20.4925947298 14.4951456311 23.527700831
500.0 850.0 500.09724113 850.094454939 29.807951988 15.4975731725 20.7973698833 16.209375 28.196875
500.0 900.0 500.09724113 900.100011112 30.2495623906 15.6292540631 20.8504197178 18.1453590193 33.0700525394
500.0 950.0 500.09724113 950.079173264 31.6459114779 16.2802631579 21.5778946461 19.2201492537 36.1287313433
500.0 1000.0 500.09724113 1000.08334028 33.0865216304 18.195 23.1580131678 21.1790123457 41.0967078189
500.0 1050.0 500.09724113 1050.08750729 34.08052013 21.4279761905 25.5087507057 22.3973799127 44.4388646288
500.0 1100.0 500.09724113 1056.61988367 34.0487621905 105.714930595 83.4293157076 21.9330543933 44.6736401674
500.0 1150.0 500.09724113 1064.10322315 34.1000250063 99.6906820365 80.0694195093 21.368 44.656
500.0 1200.0 500.09724113 1067.53651123 34.1800450113 95.1313713592 77.5793907971 20.7858508604 44.6660305344
500.0 1250.0 500.09724113 1074.11385607 34.2548137034 91.2320516527 75.3825820812 20.2747252747 44.6282051282
550.0 100.0 550.091681947 100.1001001 16.3263636364 8.52190237797 15.1269474899 9.95572916667 9.36545138889
550.0 150.0 550.091681947 150.100066711 14.9447727273 7.28607172644 13.3046972674 10.0801056338 9.68485915493
550.0 200.0 550.091681947 200.100050025 18.8893181818 8.74734208881 16.1860310052 10.0316344464 9.65759438104
550.0 250.0 550.091681947 250.097260046 15.2986363636 8.13906953477 13.0620409439 10.3564981949 10.1857529306
550.0 300.0 550.091681947 300.100033344 17.3827272727 9.44893705711 14.5833210766 10.3817689531 10.1859205776
550.0 350.0 550.091681947 350.097249236 12.7522727273 9.6575 11.54875 9.83820998279 9.20292347377
550.0 400.0 550.091681947 400.100025006 15.7611363636 10.3860581432 13.4983550467 11.1958174905 11.11121673
550.0 450.0 550.091681947 450.100022227 15.7263636364 10.869130314 13.5409426178 10.564619615 10.4917582418
550.0 500.0 550.091681947 500.09724113 14.4593181818 10.9987496874 12.8116442434 10.3477477477 10.1558558559
550.0 550.0 550.091681947 550.091681947 11.6868181818 11.7661363636 11.7264772727 12.7731529657 12.7577962578
550.0 600.0 550.091681947 600.100016669 21.25 20.0910606376 20.6453962387 11.8375893769 13.024514811
550.0 650.0 550.091681947 650.090290318 23.3702272727 19.8134615385 21.4436458333 12.764380531 15.1648230088
550.0 700.0 550.091681947 700.097235727 24.8365909091 19.1057331666 21.6275627563 14.0231143552 17.902676399
550.0 750.0 550.091681947 750.083342594 25.2513636364 18.0401666667 21.0910576923 15.4730458221 21.1859838275
550.0 800.0 550.091681947 800.088898767 26.2465909091 16.4517893421 20.4426335772 17.612654321 26.1327160494
550.0 850.0 550.091681947 850.094454939 27.0747727273 16.4355052214 20.6155906777 19.7565217391 30.9739583333
550.0 900.0 550.091681947 900.100011112 26.7559090909 16.3357410751 20.2885593586 22.3893280632 36.8461538462
550.0 950.0 550.091681947 950.079173264 26.3513636364 16.6665789474 20.2176666667 24.3096774194 41.2167381974
550.0 1000.0 550.091681947 1000.08334028 25.7381818182 18.303 20.9412903226 25.7120181406 44.1587301587
550.0 1050.0 550.091681947 1014.30219765 26.2515909091 116.659096286 85.7120740625 25.2675438596 44.6820175439
550.0 1100.0 550.091681947 1021.27659574 26.0040909091 110.342040634 82.5619104656 24.5732217573 44.7280334728
550.0 1150.0 550.091681947 1029.79951246 26.2318181818 104.577077606 79.7019771973 23.7904191617 44.6327345309
550.0 1200.0 550.091681947 1034.9536427 26.0654545455 100.336549091 77.5651174134 23.1660305344 44.679389313
550.0 1250.0 550.091681947 1040.63085355 26.0784090909 95.6203039862 75.0305497611 22.5648994516 44.6380255941
600.0 100.0 600.100016669 100.1001001 12.3657011877 7.91989987484 11.7311539836 11.8959484346 9.31738730451
600.0 150.0 600.100016669 150.100066711 19.0593873724 0.0183486238532 15.2530843615 13.110667996 10.8525896414
600.0 200.0 600.100016669 200.100050025 13.0172952698 8.54534083802 11.8996561425 12.0457943925 9.68504672897
600.0 250.0 600.100016669 250.097260046 14.376120025 9.99049524762 13.0864960282 12.0439663237 9.71000935454
600.0 300.0 600.100016669 300.100033344 18.7574494686 7.55481450604 15.0237565991 13.0958083832 10.8993020937
600.0 350.0 600.100016669 350.097249236 15.0608460096 10.8192857143 13.4979602579 12.1994328922 9.8895184136
600.0 400.0 600.100016669 400.100025006 15.5778287143 11.4129415442 13.9119779945 12.2296650718 10.3033492823
600.0 450.0 600.100016669 450.100022227 18.6834757241 11.2225618227 15.4860681115 13.0428713858 10.921314741
600.0 500.0 600.100016669 500.09724113 17.0687643259 14.6629157289 15.9752216413 12.3362151777 10.3224568138
600.0 550.0 600.100016669 550.091681947 20.4711398208 21.4475 20.9381454506 13.0777096115 11.8415132924
600.0 600.0 600.100016669 600.100016669 22.7511981663 22.7991248177 22.775161492 14.9373549884 14.93387471
600.0 650.0 600.100016669 650.090290318 22.0702229631 20.8113461538 21.4155415542 15.7883663366 16.8811881188
600.0 700.0 600.100016669 700.097235727 22.8914357158 19.6174316842 21.1284862474 17.1043360434 19.8197831978
600.0 750.0 600.100016669 750.083342594 23.496353407 18.0016666667 20.4434669877 19.0779816514 24.1314984709
600.0 800.0 600.100016669 800.088898767 23.8474682225 17.1562744179 20.0238435435 21.6492146597 29.2891986063
600.0 850.0 600.100016669 850.094454939 23.8141279433 16.9519046919 19.7913433351 24.751503006 35.518
600.0 900.0 600.100016669 900.100011112 23.2585955407 17.3090707043 19.6887814636 28.0226244344 41.685520362
600.0 950.0 600.100016669 950.079173264 23.5636590956 17.9010526316 20.0927494153 29.2819905213 44.158392435
600.0 1000.0 600.100016669 972.657516481 23.4461346114 127.056495769 88.3166342034 28.8479262673 44.6658986175
600.0 1050.0 600.100016669 981.996726678 23.6424255053 120.058678848 85.3655994601 27.8925438596 44.6842105263
600.0 1100.0 600.100016669 988.96159033 23.5819962492 114.561636263 83.0236925744 26.8979166667 44.7020833333
600.0 1150.0 600.100016669 1000.60422961 23.8276724318 108.673940411 80.2616007257 26.0998003992 44.6686626747
600.0 1200.0 600.100016669 1003.27457674 23.6615961659 103.839418963 77.9287542088 25.4201520913 44.6254752852
600.0 1250.0 600.100016669 1009.89699051 23.6615961659 99.4386314093 75.7478175896 24.6927272727 44.5218181818
650.0 100.0 650.090290318 100.1001001 18.0625 7.97872340426 16.7194532422 13.3851351351 9.43780135005
650.0 150.0 650.090290318 150.100066711 17.6680769231 6.1376146789 15.5075793093 13.6850393701 9.83185840708
650.0 200.0 650.090290318 200.100050025 18.6611538462 9.13946216385 16.4218267392 13.5562072336 9.70703125
650.0 250.0 650.090290318 250.097260046 18.4132692308 10.7218609305 16.277538547 13.6378802748 9.75490196078
650.0 300.0 650.090290318 300.100033344 18.9532692308 10.1834097541 16.1846295565 13.9223007064 10.4758064516
650.0 350.0 650.090290318 350.097249236 18.5867307692 11.4285714286 16.081375 13.7524850895 10.1272365805
650.0 400.0 650.090290318 400.100025006 19.2434615385 13.3091591122 16.9832122872 13.875249501 10.1216350947
650.0 450.0 650.090290318 450.100022227 18.8992307692 15.6718532926 17.5791567224 14.0439223698 10.8163265306
650.0 500.0 650.090290318 500.09724113 19.1542307692 20.4358589647 19.7113816719 14.1889117043 10.8574358974
650.0 550.0 650.090290318 550.091681947 19.9023076923 23.5820454545 21.5888541667 15.1626106195 12.782079646
650.0 600.0 650.090290318 600.100016669 20.9023076923 22.0287559908 21.4429442944 16.9034653465 15.7735148515
650.0 650.0 650.090290318 650.090290318 21.445 21.5419230769 21.4934615385 18.3540540541 18.422972973
650.0 700.0 650.090290318 700.097235727 21.2675 19.7394177532 20.4752291879 20.3795180723 21.9879518072
650.0 750.0 650.090290318 750.083342594 21.8976923077 18.5463333333 20.1023214286 22.9488054608 26.5962521295
650.0 800.0 650.090290318 800.088898767 21.6911538462 17.6668229411 19.4709888784 27.1149193548 33.5915492958
650.0 850.0 650.090290318 850.094454939 22.0259615385 18.3268127666 19.9299108259 31.5328638498 41.1948356808
650.0 900.0 650.090290318 900.100011112 22.7646153846 19.1198777608 20.6484393903 33.1333333333 44.0148148148
650.0 950.0 650.090290318 928.212783281 22.7990384615 139.889180328 92.4140350877 33.0291262136 44.6650485437
650.0 1000.0 650.090290318 938.697817528 22.9228846154 131.453639941 89.1224122412 31.5963302752 44.5871559633
650.0 1050.0 650.090290318 951.685591279 22.8519230769 124.271440176 86.1024100745 30.4682713348 44.6717724289
650.0 1100.0 650.090290318 958.90742669 22.8757692308 118.096590286 83.5216116193 29.5604166667 44.6458333333
650.0 1150.0 650.090290318 967.764557376 22.8225 113.11338599 81.4366482256 28.6832669323 44.6792828685
650.0 1200.0 650.090290318 974.993229214 22.7905769231 108.048635824 79.1023113084 27.7096774194 44.5426944972
650.0 1250.0 650.090290318 982.640026204 22.8475 103.120715631 76.7350821745 26.9799635701 44.5272727273
700.0 100.0 700.097235727 100.1001001 19.1082336131 9.48185231539 17.9060643951 14.9439439439 9.173
700.0 150.0 700.097235727 150.100066711 19.0982318271 7.88156797331 17.1198882024 14.9548192771 9.2668004012
700.0 200.0 700.097235727 200.100050025 19.1389533845 11.5265791119 17.4479021951 15.0971659919 9.43623481781
700.0 250.0 700.097235727 250.097260046 19.0435792106 11.3456728364 17.018294288 15.2672858617 9.95567010309
700.0 300.0 700.097235727 300.100033344 19.0925165208 11.5781575657 16.8385846462 15.5508919203 10.3018867925
700.0 350.0 700.097235727 350.097249236 19.0566172531 13.915 17.3425407787 15.1359026369 9.47464503043
700.0 400.0 700.097235727 400.100025006 18.4965172352 14.2341356674 16.9466924301 15.8044633369 10.5371549894
700.0 450.0 700.097235727 450.100022227 18.8303268441 16.8430119478 18.0527288541 16.1044613711 11.1610446137
700.0 500.0 700.097235727 500.09724113 19.4859796392 24.7691922981 21.6872265055 16.4709821429 11.7926421405
700.0 550.0 700.097235727 550.091681947 19.1287729952 24.4952272727 21.4902490249 17.9536585366 14.0658536585
700.0 600.0 700.097235727 600.100016669 19.7319164136 23.0064596791 21.24321985 19.7837837838 16.9986486486
700.0 650.0 700.097235727 650.090290318 19.6481514556 21.1778846154 20.3847578479 22.084592145 20.4012066365
700.0 700.0 700.097235727 700.097235727 19.7683514913 19.853009466 19.8106804787 25.4173913043 25.3107638889
700.0 750.0 700.097235727 750.083342594 19.8178246115 18.5373333333 19.1554444349 29.5955284553 31.7967479675
700.0 800.0 700.097235727 800.088898767 21.3288087158 19.1592436318 20.1716952825 33.882629108 38.8056206089
700.0 850.0 700.097235727 850.094454939 22.5772459368 20.2250330931 21.2873044039 36.6615776081 43.2213740458
700.0 900.0 700.097235727 889.18162358 23.0962671906 152.053048188 95.64453125 37.0307692308 44.7025641026
700.0 950.0 700.097235727 903.829382383 23.1055545633 142.596261197 92.3009321906 35.395631068 44.6601941748
700.0 1000.0 700.097235727 912.339390253 22.9932130738 136.362826458 90.3426375698 34.0596330275 44.6353211009
700.0 1050.0 700.097235727 924.725395699 23.1430612609 128.168967104 87.0271461555 32.6391304348 44.452173913
700.0 1100.0 700.097235727 932.203389831 23.0044650831 122.308394954 84.7279486313 31.6514522822 44.6659751037
700.0 1150.0 700.097235727 943.8694086 23.0653688159 115.69173707 81.8064031362 30.6031746032 44.5932539683
700.0 1200.0 700.097235727 951.227567984 23.0607251295 110.89930317 79.7485431974 29.6318785579 44.6944971537
700.0 1250.0 700.097235727 957.89518498 23.1252009287 106.970274818 78.1644474443 28.833030853 44.5753176044
750.0 100.0 750.083342594 100.1001001 16.8805 9.4392991239 16.0060302986 16.4152719665 9.3410041841
750.0 150.0 750.083342594 150.100066711 16.9906666667 11.9933277731 16.1583553271 16.5586061246 9.52848101266
750.0 200.0 750.083342594 200.100050025 17.3431666667 11.6597873671 16.1472562179 16.8196371398 9.67164179104
750.0 250.0 750.083342594 250.097260046 17.2605 12.5152576288 16.0746343293 16.661341853 9.7670212766
750.0 300.0 750.083342594 300.100033344 16.8135 11.4472696957 15.2807477081 17.5561735261 10.5822222222
750.0 350.0 750.083342594 350.097249236 17.4545 13.7014285714 16.2603409091 17.1377440347 9.99891657638
750.0 400.0 750.083342594 400.100025006 17.2018333333 16.6045639262 16.9941297967 17.381477398 10.3975770925
750.0 450.0 750.083342594 450.100022227 16.5086666667 24.5554320645 19.5256797583 17.7556306306 10.8706411699
750.0 500.0 750.083342594 500.09724113 17.6711666667 27.2730682671 21.5113511351 19.0972053463 12.7378640777
750.0 550.0 750.083342594 550.091681947 18.2418333333 25.0227272727 21.1106730769 21.4721088435 15.6476190476
750.0 600.0 750.083342594 600.100016669 17.9723333333 23.4271723276 20.396425595 24.2043010753 19.2503840246
750.0 650.0 750.083342594 650.090290318 18.5496666667 21.9334615385 20.1207142857 26.5204081633 22.8894557823
750.0 700.0 750.083342594 700.097235727 18.7076666667 19.8903375603 19.2785584964 31.4417670683 29.0502008032
750.0 750.0 750.083342594 750.083342594 20.4333333333 20.4616666667 20.4475 37.2997601918 37.2829736211
750.0 800.0 750.083342594 800.088898767 22.1681666667 21.5583684951 21.8534559239 40.617414248 42.654353562
750.0 850.0 750.083342594 845.070422535 22.842 160.67539344 96.0609422611 41.5229110512 44.5040431267
750.0 900.0 750.083342594 861.244019139 22.807 156.922420908 96.2824415976 40.0230769231 44.6461538462
750.0 950.0 750.083342594 872.582538144 22.8386666667 148.133136095 93.5544504138 38.2173913043 44.6449275362
750.0 1000.0 750.083342594 887.00537131 22.8526666667 138.860128035 90.1140836193 36.6169724771 44.6605504587
750.0 1050.0 750.083342594 895.607259631 22.8303333333 132.291182502 87.8491000135 35.3260869565 44.6152173913
750.0 1100.0 750.083342594 907.237279205 22.8158333333 125.228125 85.0138743455 33.8491735537 44.5330578512
750.0 1150.0 750.083342594 914.836257568 22.8523333333 119.772058824 82.9484549139 32.7972440945 44.4527559055
750.0 1200.0 750.083342594 925.291295408 22.7658333333 114.346303502 80.5942874693 31.8245283019 44.4679245283
750.0 1250.0 750.083342594 933.668070627 22.8818333333 109.989141531 78.8330253353 30.9275362319 44.5634057971
800.0 100.0 800.088898767 100.1001001 13.7838724801 11.2615769712 13.5038899694 19.564479638 9.23163841808
800.0 150.0 800.088898767 150.100066711 13.8957649633 12.0058381985 13.5975256646 19.7043378995 9.46636259977
800.0 200.0 800.088898767 200.100050025 13.9165494609 12.153220763 13.564016004 19.6731207289 9.43507972665
800.0 250.0 800.088898767 250.097260046 14.4627285513 13.2856428214 14.1825434627 19.8842592593 9.86473988439
800.0 300.0 800.088898767 300.100033344 14.1222065948 13.5998332639 13.9797681291 19.8530092593 9.90520231214
800.0 350.0 800.088898767 350.097249236 14.4972651977 15.2207142857 14.7174692901 20.032672112 10.0769230769
800.0 400.0 800.088898767 400.100025006 14.3505235193 22.8890278212 17.1963950823 19.9801864802 10.0815850816
800.0 450.0 800.088898767 450.100022227 15.2467573058 28.2989719366 19.9451890378 21.6417721519 12.046835443
800.0 500.0 800.088898767 500.09724113 15.8338802938 27.8974743686 20.4734564339 23.5436893204 14.4972299169
800.0 550.0 800.088898767 550.091681947 16.5453977184 26.2202272727 20.4873599407 25.8159509202 17.5114854518
800.0 600.0 800.088898767 600.100016669 17.3505235193 23.5882475516 20.0237542418 28.9982698962 21.4671280277
800.0 650.0 800.088898767 650.090290318 17.7143303641 21.5884615385 19.4511595827 33.8360323887 27.1818181818
800.0 700.0 800.088898767 700.097235727 19.197843413 21.3148776567 20.1857809635 39.2725118483 34.2630331754
800.0 750.0 800.088898767 750.083342594 21.4982028442 22.3583333333 21.914428583 42.9204244032 40.7195767196
800.0 800.0 800.088898767 800.088898767 22.805907173 22.664166276 22.7350367245 43.8756906077 43.8287292818
800.0 850.0 800.088898767 834.515108542 23.350054696 169.665932129 98.7682114191 42.9054054054 44.5675675676
800.0 900.0 800.088898767 850.282115208 23.5411783091 159.479528961 95.9946723106 41.0920716113 44.4923469388
800.0 950.0 800.088898767 862.482031624 23.4713236443 148.887480799 92.4144676659 39.3623188406 44.6570048309
800.0 1000.0 800.088898767 873.426013538 23.4807001094 141.322429345 90.0740111458 37.5409090909 44.3954545455
800.0 1050.0 800.088898767 885.681482696 23.3531801844 133.949704814 87.4114552509 36.2251082251 44.3896103896
800.0 1100.0 800.088898767 896.353471106 23.3763087982 127.666093313 85.1624100376 34.9359504132 44.5351239669
800.0 1150.0 800.088898767 905.769356991 23.4228785748 121.205909322 82.6149623782 33.7244094488 44.437007874
800.0 1200.0 800.088898767 916.47750175 23.4144397562 115.699757399 80.3469228927 32.8049242424 44.634469697
800.0 1250.0 800.088898767 924.0815656 23.4014689795 111.257005456 78.5944689751 31.6859205776 44.3880866426
850.0 100.0 850.094454939 100.1001001 13.6334755111 12.5006257822 13.5143458805 21.7261904762 9.2369047619
850.0 150.0 850.094454939 150.100066711 13.8576261215 12.801501251 13.699299825 22.2433090024 9.63183475091
850.0 200.0 850.094454939 200.100050025 13.9649948522 15.4715447154 14.2518456775 21.8002392344 9.37799043062
850.0 250.0 850.094454939 250.097260046 13.9264597735 14.6203101551 14.084110025 22.1798298906 9.67557715674
850.0 300.0 850.094454939 300.100033344 14.1951757611 14.4389328887 14.2587519026 22.9097744361 10.3145363409
850.0 350.0 850.094454939 350.097249236 13.9879394029 16.7975 14.8074799458 22.7718204489 10.204234122
850.0 400.0 850.094454939 400.100025006 14.38961612 29.2341356674 19.1393278656 23.2130102041 10.818877551
850.0 450.0 850.094454939 450.100022227 14.6842182674 30.9616560156 20.3182342758 25.6115819209 13.3771186441
850.0 500.0 850.094454939 500.09724113 15.4400647154 30.0222555639 20.8405260233 27.8928571429 16.1677018634
850.0 550.0 850.094454939 550.091681947 16.5274305045 27.2445454545 20.7381016162 30.6075731497 19.5524956971
850.0 600.0 850.094454939 600.100016669 16.9720547139 23.6734736403 19.7449560269 35.7665995976 24.8853118712
850.0 650.0 850.094454939 650.090290318 18.2650389763 21.9959615385 19.8819068256 41.2089201878 31.5328638498
850.0 700.0 850.094454939 700.097235727 20.1135461097 22.68440793 21.274560413 43.443877551 36.6505102041
850.0 750.0 846.121941103 750.083342594 148.548168848 22.8861666667 89.6395030862 44.6775067751 41.5702702703
850.0 800.0 834.401330679 800.088898767 169.802616108 23.3941240819 98.8438991138 44.6531165312 42.9135135135
850.0 850.0 825.153705102 823.909531502 174.062894004 174.736849817 174.399970687 44.4756756757 44.5432432432
850.0 900.0 824.264626657 835.611492237 174.711687931 166.092362345 170.249610978 42.5586734694 44.6020408163
850.0 950.0 824.820076013 849.583902621 174.665052817 155.796705402 164.577114768 40.7463768116 44.6980676329
850.0 1000.0 823.798627002 863.392171911 174.482869693 147.045689552 159.417508418 39.0983981693 44.52402746
850.0 1050.0 824.975736008 874.696286012 174.370272647 139.310735744 154.600396343 37.5673913043 44.5652173913
850.0 1100.0 821.564731783 884.00750067 175.536321031 133.282466488 151.143502755 36.3291925466 44.5734989648
850.0 1150.0 821.984043839 894.322993174 175.209285296 127.313288563 146.947886647 35.0632411067 44.581027668
850.0 1200.0 823.023130715 905.565454355 174.937454226 120.82708515 142.367113703 33.9621212121 44.5321969697
850.0 1250.0 823.155969226 913.724136531 174.674377745 116.407982262 138.95015294 32.7707581227 44.2833935018
900.0 100.0 900.100011112 100.1001001 12.9859702736 12.62077597 12.9494873718 25.7382198953 9.46928104575
900.0 150.0 900.100011112 150.100066711 13.0248645645 14.1417848207 13.1843296023 26.0026385224 9.59947299078
900.0 200.0 900.100011112 200.100050025 12.8790109737 15.5703564728 13.3681518527 26.0873015873 9.62351387054
900.0 250.0 900.100011112 250.097260046 12.9876371718 16.3111555778 13.7099369428 26.1837549933 9.83909574468
900.0 300.0 900.100011112 300.100033344 13.2444783998 16.2426010838 13.993852886 26.3948787062 10.2385444744
900.0 350.0 900.100011112 350.097249236 13.1604389499 27.6532142857 17.2188218822 26.1893333333 9.968
900.0 400.0 900.100011112 400.100025006 13.9112376719 32.5117224133 19.6337757261 28.2209302326 12.2514534884
900.0 450.0 900.100011112 450.100022227 14.5757744131 32.2120033343 20.453972958 31.1553398058 15.2164781906
900.0 500.0 900.100011112 500.09724113 15.5336852341 30.1685421355 20.7600464369 33.4770318021 18.2879858657
900.0 550.0 900.100011112 550.091681947 16.4550632032 26.6840909091 20.3353737391 37.452 22.6846307385
900.0 600.0 900.100011112 600.100016669 17.291290457 23.152115024 19.6355225871 41.9772727273 28.0659090909
900.0 650.0 900.100011112 650.090290318 19.1772468398 22.6782692308 20.6455359303 44.0668316832 33.2049382716
900.0 700.0 889.889862397 700.097235727 151.664029975 23.1066261832 95.4521671222 44.6828644501 36.7270408163
900.0 750.0 860.626344729 750.083342594 157.152863618 22.8226666667 96.4660793615 44.5051020408 39.7908163265
900.0 800.0 848.100934482 800.088898767 159.215195072 23.4606969839 95.8254524227 44.6428571429 40.951653944
900.0 850.0 836.064304699 823.998276605 166.131985244 174.843548387 170.334040597 44.5714285714 42.5510204082
900.0 900.0 822.439395862 822.669104205 175.139385666 174.904105852 175.021697598 44.7033248082 44.6879795396
900.0 950.0 822.982549722 834.797891037 175.178142077 167.137089562 171.023040866 42.7869249395 44.6513317191
900.0 1000.0 824.658301306 849.016555823 174.195933961 157.085989176 165.101764255 41.0091954023 44.6459770115
900.0 1050.0 823.296234182 858.954257277 174.986883454 149.327056154 160.96733606 39.3173913043 44.5586956522
900.0 1100.0 826.130191999 872.996627058 173.691246757 140.989051095 155.381633512 37.9666666667 44.7416666667
900.0 1150.0 824.469438648 881.826701883 174.360010926 134.674671823 151.618869905 36.6329365079 44.6726190476
900.0 1200.0 823.735794371 893.799267581 174.97497607 128.585207445 147.828974984 35.4212523719 44.4857685009
900.0 1250.0 823.338076845 901.78553536 174.477223131 123.513908142 144.098000331 34.3454545455 44.58
950.0 100.0 950.079173264 100.1001001 13.0502631579 13.9511889862 13.1359685677 28.135989011 9.43269230769
950.0 150.0 950.079173264 150.100066711 12.7014473684 16.0667222686 13.1600181839 28.3099173554 9.40771349862
950.0 200.0 950.079173264 200.100050025 12.8563157895 16.0556597874 13.4124361344 28.4623955432 9.81197771588
950.0 250.0 950.079173264 250.097260046 12.7838157895 17.3736868434 13.7396603813 28.5690376569 9.74233983287
950.0 300.0 950.079173264 300.100033344 12.8821052632 18.8786994581 14.3208320832 29.182596291 10.3009985735
950.0 350.0 950.079173264 350.097249236 13.0234210526 35.7110714286 19.1316346154 29.6739130435 10.6078147612
950.0 400.0 950.079173264 400.100025006 13.8605263158 34.8555798687 20.0799148069 32.2699680511 13.4009584665
950.0 450.0 950.079173264 450.100022227 14.7606578947 32.013614893 20.3052058219 34.701048951 16.4125874126
950.0 500.0 950.079173264 500.09724113 16.5078947368 31.7214303576 21.7530821623 35.8831168831 19.1131725417
950.0 550.0 950.079173264 550.091681947 16.7367105263 26.2179545455 20.2131666667 41.5757575758 24.5606060606
950.0 600.0 950.079173264 600.100016669 18.1827631579 23.5419879141 20.2570368578 44.1658767773 29.3720379147
950.0 650.0 928.011288091 650.090290318 139.161188949 22.9007692308 92.066526447 44.7451456311 32.8450363196
950.0 700.0 901.067053089 700.097235727 143.687028854 23.1275227719 92.907470097 44.6570048309 35.2077294686
950.0 750.0 872.760679835 750.083342594 147.53721558 22.8151666667 93.2275927135 44.693236715 38.154589372
950.0 800.0 861.504357902 800.088898767 149.448937804 23.3083294265 92.6577077324 44.46875 39.2043269231
950.0 850.0 849.837238774 822.956727537 156.175974441 175.477029209 165.159311381 44.7142857143 40.8140096618
950.0 900.0 835.79755126 824.050053411 166.604963541 175.00997813 170.668340712 44.7305825243 42.7118644068
950.0 950.0 820.832833313 825.030757726 175.34265645 174.644339139 174.993989001 44.6038647343 44.4758454106
950.0 1000.0 824.533487632 835.266821346 174.172246358 166.791922106 170.369402292 42.8502304147 44.6820276498
950.0 1050.0 823.461427333 847.305657671 175.067306462 157.867732064 165.946507994 41.2013129103 44.6170678337
950.0 1100.0 824.354617109 859.412300881 174.44 150.077451191 161.195252814 39.6805845511 44.7265135699
950.0 1150.0 824.89146165 870.076919844 174.293372569 143.285234216 157.027557269 38.264940239 44.7131474104
950.0 1200.0 823.560575048 879.228232995 174.729574223 137.060653037 153.299691324 36.9203036053 44.504743833
950.0 1250.0 823.560575048 888.730892286 174.729574223 131.238055633 149.484336445 35.8123861566 44.4927272727
1000.0 100.0 1000.08334028 100.1001001 10.895875 17.4868585732 11.4943743607 33.4439393939 9.21363636364
1000.0 150.0 1000.08334028 150.100066711 11.27575 17.9032527106 12.1395803892 33.6125574273 9.61467889908
1000.0 200.0 1000.08334028 200.100050025 11.104 18.693558474 12.3682675279 33.4566210046 9.46727549467
1000.0 250.0 1000.08334028 250.097260046 11.14775 18.5312656328 12.6238623862 33.2507598784 9.61094224924
1000.0 300.0 1000.08334028 300.100033344 11.6995 29.3780741976 15.7778632561 33.8167701863 10.2093023256
1000.0 350.0 1000.08334028 350.097249236 12.32325 39.1432142857 19.2765740741 35.1047463175 11.9460784314
1000.0 400.0 1000.08334028 400.100025006 13.913875 36.0915911222 20.2489507992 35.9861591696 14.4369602763
1000.0 450.0 1000.08334028 450.100022227 14.90875 31.8841344818 20.1759634451 39.0305343511 17.8606870229
1000.0 500.0 1000.08334028 500.09724113 18.025875 32.9809952488 23.0100841737 41.3553719008 21.2128099174
1000.0 550.0 1000.08334028 550.091681947 18.231875 26.28 21.0876612903 44.2045454545 25.8727272727
1000.0 600.0 971.712373138 600.100016669 127.473762746 23.602625547 88.6545440386 44.7511520737 28.783908046
1000.0 650.0 937.304728182 650.090290318 131.81641681 22.8169230769 89.3214874794 44.7885057471 31.6055045872
1000.0 700.0 912.964090079 700.097235727 135.475 23.0734059654 89.8675991014 44.4851258581 33.899543379
1000.0 750.0 885.412823729 750.083342594 139.379451889 22.8085 90.4103479661 44.5228310502 36.5388127854
1000.0 800.0 874.210781933 800.088898767 141.197254335 23.4506954212 89.9519145753 44.5844748858 37.6712328767
1000.0 850.0 862.957547283 824.708926261 147.112819897 174.185586641 159.312541254 44.6766055046 39.0709382151
1000.0 900.0 848.556275781 824.050053411 157.161619803 174.693799508 165.367361289 44.6689655172 40.9449541284
1000.0 950.0 834.724540902 822.847243943 167.514302885 175.270042194 171.272287962 44.6774193548 42.9285714286
1000.0 1000.0 824.138088915 823.534794345 174.387934143 174.554221208 174.471107641 44.7436489607 44.6566820276
1000.0 1050.0 821.242814125 832.911001917 175.214714354 168.282428911 171.64858092 43.1230769231 44.7956043956
1000.0 1100.0 822.932382389 846.47941516 174.842699328 159.471864261 166.728571429 41.4184100418 44.6548117155
1000.0 1150.0 822.330851112 856.593076907 175.148642153 151.973946672 162.601002865 39.8784860558 44.5836653386
1000.0 1200.0 824.591140226 867.62667952 174.294676121 144.897587443 158.019203948 38.3859315589 44.4885931559
1000.0 1250.0 824.591140226 877.346902965 174.294676121 138.682284447 154.162940132 37.2171532847 44.5565693431
1050.0 100.0 1050.08750729 100.1001001 10.3602380952 18.6645807259 11.0815306012 37.216828479 9.17799352751
1050.0 150.0 1050.08750729 150.100066711 10.3705952381 19.1818181818 11.4711949161 37.8131147541 9.35409836066
1050.0 200.0 1050.08750729 200.100050025 10.6482142857 19.6810506567 12.0927092709 36.9838187702 9.39903069467
1050.0 250.0 1050.08750729 250.097260046 10.6157142857 20.1430715358 12.4471583806 37.7001647446 9.73026315789
1050.0 300.0 1050.08750729 300.100033344 11.186547619 38.1042100875 17.1663116955 38.107925801 10.7390572391
1050.0 350.0 1050.08750729 350.097249236 12.5191666667 40.4167857143 19.4935714286 38.6073943662 12.948943662
1050.0 400.0 1050.08750729 400.100025006 14.3095238095 36.9406064395 20.5511682042 40.2881355932 15.6710526316
1050.0 450.0 1050.08750729 450.100022227 15.4816666667 32.1408724646 20.478456538 42.354969574 18.8701825558
1050.0 500.0 1050.08750729 500.09724113 38.9679761905 33.991247812 37.3628518429 44.6710526316 22.5109649123
1050.0 550.0 1013.70377323 550.091681947 116.180453793 26.0968181818 85.3634737988 44.7192982456 25.227571116
1050.0 600.0 981.053724371 600.100016669 120.320107678 23.7993331944 85.6050363486 44.7872807018 27.8490153173
1050.0 650.0 947.012401353 650.090290318 125.319981477 22.8763461538 86.8240352652 44.6623093682 30.45
1050.0 700.0 924.024640657 700.097235727 128.734715026 23.0705483122 87.3167880146 44.4869565217 32.6347826087
1050.0 750.0 896.265560166 750.083342594 132.06565599 22.8031666667 87.6890949706 44.6760869565 35.202173913
1050.0 800.0 885.100803147 800.088898767 133.404832123 23.4753867792 87.1716069668 44.6782608696 36.2342733189
1050.0 850.0 874.129916981 823.244552058 140.035945118 174.941219584 155.260277476 44.8034934498 37.688453159
1050.0 900.0 861.361771944 823.882418756 149.158593307 174.599754367 160.707427368 44.8092105263 39.4945295405
1050.0 950.0 847.723704867 824.334747397 157.796827195 174.604425118 165.692682048 44.7456140351 41.2324561404
1050.0 1000.0 835.211454329 821.917808219 167.958465729 175.216044194 171.484567361 44.8322295806 43.1585903084
1050.0 1050.0 825.417622011 820.561802631 173.745779993 175.29636343 174.521071712 44.4857768053 44.6805251641
1050.0 1100.0 825.525781301 834.000252727 173.673127054 167.888686327 170.700903681 43.0735294118 44.8361344538
1050.0 1150.0 822.669104205 844.415436077 174.975283447 160.096639511 167.136856223 41.6032064128 44.8076152305
1050.0 1200.0 823.583240735 854.024988139 174.800385619 153.002712915 163.045041279 40.0803059273 44.793499044
1050.0 1250.0 823.583240735 863.988940942 174.800385619 146.435634415 159.170740401 38.7166361974 44.6873857404
1100.0 100.0 1100.09167431 100.1001001 10.7704284578 18.071339174 11.3782037925 39.5989847716 9.42060810811
1100.0 150.0 1100.09167431 150.100066711 10.8148653256 20.5271059216 11.9795959192 39.730834753 9.74105621806
1100.0 200.0 1100.09167431 200.100050025 10.8902147971 18.8155096936 12.1089632622 39.3758503401 10.0
1100.0 250.0 1100.09167431 250.097260046 10.7221275145 20.2146073037 12.4794406372 40.3155172414 9.93275862069
1100.0 300.0 1100.09167431 300.100033344 11.6513240141 38.6127553147 17.4273977496 40.4902998236 11.1408450704
1100.0 350.0 1100.09167431 350.097249236 13.1682009319 40.9675 19.8789550823 42.0789473684 13.7781954887
1100.0 400.0 1100.09167431 400.100025006 15.6988294124 36.0312597687 21.1200200033 42.7964426877 16.5256916996
1100.0 450.0 1091.87162237 450.100022227 100.548863636 32.5854404001 80.8214372127 44.8025210084 19.6142557652
1100.0 500.0 1058.88015402 500.09724113 104.611455632 34.223555889 82.7369443581 44.775210084 21.9496855346
1100.0 550.0 1021.51369757 550.091681947 110.117404393 26.1706818182 82.4888922133 44.7552301255 24.510460251
1100.0 600.0 991.710700959 600.100016669 114.002546783 23.6849343613 82.6624005785 44.7384937238 26.9874476987
1100.0 650.0 959.604526619 650.090290318 118.73671524 22.915 83.9581210302 44.5979166667 29.5520833333
1100.0 700.0 933.720025465 700.097235727 122.202960061 23.0623325594 84.6665539627 44.5684647303 31.6286307054
1100.0 750.0 907.154147481 750.083342594 125.356396163 22.8056666667 85.0851495517 44.6252587992 33.8884297521
1100.0 800.0 895.785735291 800.088898767 127.304427251 23.3914674168 84.9651066539 44.5454545455 34.9113402062
1100.0 850.0 885.173346447 823.000995132 132.848250698 174.770424597 150.5797622 44.5507246377 36.2774327122
1100.0 900.0 872.035409923 825.667031931 141.231660232 174.138444718 155.700679046 44.5933609959 37.8340248963
1100.0 950.0 858.909012038 825.070565246 150.056824274 174.167199693 161.050221652 44.7599164927 39.5875
1100.0 1000.0 846.298512566 822.669104205 158.812385961 174.815170427 166.367216273 44.8655462185 41.4968553459
1100.0 1050.0 833.350870178 823.43971245 167.905528717 174.48566897 171.107099548 44.7295597484 43.0062761506
1100.0 1100.0 821.389309494 823.353293413 175.230859961 174.498070326 174.86442586 44.7966457023 44.6213389121
1100.0 1150.0 823.884323312 833.53467021 174.296804632 168.163728986 171.151925187 43.2696177062 44.7469879518
1100.0 1200.0 820.793433653 843.206527043 175.650182364 161.190693165 168.054845445 41.783109405 44.7447216891
1100.0 1250.0 822.840044882 853.193788749 174.820190967 153.995192752 163.634174198 40.2660550459 44.6972477064
1150.0 100.0 1150.09584132 100.1001001 11.1176086957 19.7934918648 11.8108810881 42.235915493 9.28646748682
1150.0 150.0 1150.09584132 150.100066711 11.5354347826 19.5054211843 12.4543706126 42.4501779359 9.74911032028
1150.0 200.0 1150.09584132 200.100050025 11.6292391304 20.808630394 12.9884248542 42.0459363958 9.70194003527
1150.0 250.0 1150.09584132 250.097260046 11.1401086957 24.7148574287 13.5631752835 42.2469135802 9.3950617284
1150.0 300.0 1150.09584132 300.100033344 12.1858695652 38.0025010421 17.5254763342 43.722326454 11.990619137
1150.0 350.0 1150.09584132 350.097249236 14.5786956522 41.5553571429 20.87325 44.4215686275 14.3091976517
1150.0 400.0 1135.27298654 400.100025006 91.4386193422 36.7530478274 77.3442636159 44.8991935484 16.8169014085
1150.0 450.0 1101.53256705 450.100022227 96.098632497 32.931369825 78.4563091727 44.7444668008 19.0704225352
1150.0 500.0 1062.46471283 500.09724113 99.6354821524 34.144036009 80.0673191871 44.644 21.45
1150.0 550.0 1029.21068987 550.091681947 104.875925534 26.3636363636 79.9405947741 44.712 23.8562874251
1150.0 600.0 998.336106489 600.100016669 108.484540405 23.6251302355 80.0856345886 44.7325349301 26.1394422311
1150.0 650.0 966.409113191 650.090290318 113.178853344 22.7628846154 81.4710682493 44.5376984127 28.5881188119
1150.0 700.0 941.508232512 700.097235727 116.647004228 23.0825147348 82.3983394351 44.6944444444 30.6574257426
1150.0 750.0 917.553191489 750.083342594 120.141862845 22.8223333333 83.114774889 44.5683168317 32.871541502
1150.0 800.0 906.443631905 800.088898767 121.698561665 23.3681825285 82.8628564375 44.5750988142 33.7692307692
1150.0 850.0 895.231916964 823.244552058 126.885664834 174.786174575 146.529189189 44.5770750988 35.0197628458
1150.0 900.0 882.014572415 823.672971324 134.732858596 174.635208959 151.766732743 44.628968254 36.6587301587
1150.0 950.0 869.273086129 824.155963082 142.779993894 174.001659645 156.62819932 44.6083499006 38.1488095238
1150.0 1000.0 855.354228218 822.669104205 151.846858772 175.199350727 162.554912339 44.7211155378 39.8824701195
1150.0 1050.0 845.139427592 822.239624119 160.219676138 175.130001133 167.276526124 44.6833667335 41.548
1150.0 1100.0 833.400434818 823.096589138 168.233682924 174.61769437 171.342995926 44.8169014085 43.2048192771
1150.0 1150.0 823.716673299 824.225049274 174.551991038 174.143846076 174.347876998 44.8249496982 44.7766599598
1150.0 1200.0 824.98057111 832.97983109 174.236780438 168.011138015 171.045134062 43.1596153846 44.7673076923
1150.0 1250.0 824.98057111 843.296728009 174.236780438 160.736166282 167.156153101 41.7071823204 44.7513812155
1200.0 100.0 1199.83335648 100.1001001 11.1159375 20.7296620776 11.854601404 43.9945652174 9.34719710669
1200.0 150.0 1199.83335648 150.100066711 11.0763541667 21.2568807339 12.2066858042 44.3047445255 9.54744525547
1200.0 200.0 1199.86668148 200.100050025 11.2789583333 20.0425265791 12.530225913 44.5918367347 10.3685185185
1200.0 250.0 1199.96666759 250.097260046 11.1933534743 31.7138569285 14.7302121055 44.0289855072 9.3731884058
1200.0 300.0 1199.90000833 300.100033344 13.6120833333 37.3347228012 18.3550295858 44.4733840304 12.1673003802
1200.0 350.0 1172.25659394 350.097249236 83.3008197572 41.4889285714 73.8875130659 44.7788461538 14.325
1200.0 400.0 1133.3228396 400.100025006 88.3667318177 36.8690215692 75.6158668731 44.8057692308 16.6730769231
1200.0 450.0 1103.33554682 450.100022227 92.0195176783 32.7151986663 76.0735898394 44.8365384615 18.6134615385
1200.0 500.0 1068.80427522 500.09724113 95.2887673453 34.176544136 77.6714244521 44.8310940499 20.8505747126
1200.0 550.0 1034.85447359 550.091681947 100.405144695 26.0943181818 77.6231187291 44.6812977099 23.1450381679
1200.0 600.0 1003.74079323 600.100016669 104.29082039 23.6215878308 78.2090547733 44.7104761905 25.3688212928
1200.0 650.0 975.081256771 650.090290318 107.618454851 22.9132692308 78.8711003785 44.5920303605 27.571969697
1200.0 700.0 949.283642436 700.097235727 111.404488876 23.0353634578 80.0933426149 44.6268939394 29.7329545455
1200.0 750.0 926.442204589 750.083342594 114.38397978 22.9235 80.6906735433 44.6231060606 31.7712665406
1200.0 800.0 916.127664087 800.088898767 116.077885548 23.369120175 80.573463403 44.3867924528 32.7283018868
1200.0 850.0 905.565454355 825.465335851 120.877885548 173.742861327 141.941828578 44.625 33.875
1200.0 900.0 891.254564585 822.481151474 129.531240918 174.56767071 148.242015855 44.6584440228 35.4876660342
1200.0 950.0 879.085100322 823.818470877 136.805776313 174.877302968 153.215120768 44.8339694656 37.0114285714
1200.0 1000.0 867.435042769 823.723228995 144.479562185 174.886483886 158.045225322 44.7877629063 38.604206501
1200.0 1050.0 856.565015664 824.445462278 152.88213628 174.33976177 162.768659837 44.8138195777 40.0804597701
1200.0 1100.0 844.261173758 823.165027959 160.372117807 174.711020496 167.175449315 44.8038461538 41.6928982726
1200.0 1150.0 831.64885937 822.374955306 168.727149497 174.987576375 171.778439547 44.7788461538 43.275
1200.0 1200.0 822.246331297 822.293284605 174.725679992 174.981987217 174.853802585 44.775 44.7692307692
1200.0 1250.0 822.246331297 831.31662079 174.716581163 168.955569924 171.76868176 43.3789279113 44.8262476895
1250.0 100.0 1199.80803072 100.1001001 11.1020792079 20.7296620776 11.8078722819 43.9305555556 9.33275563258
1250.0 150.0 1199.84002133 150.100066711 11.0343564356 21.2568807339 12.1191255863 44.3859649123 9.52014010508
1250.0 200.0 1199.87201365 200.100050025 11.2301980198 20.0425265791 12.4346525344 44.5889679715 10.3256227758
1250.0 250.0 1199.93600341 250.097260046 10.9867313595 26.895947974 13.615473632 44.3146853147 9.37172774869
1250.0 300.0 1199.90400768 300.100033344 13.4732673267 37.3639016257 18.058724698 44.5364963504 12.0401459854
1250.0 350.0 1176.87057039 350.097249236 78.9781793049 40.8482142857 70.7198329208 44.7712177122 13.9612546125
1250.0 400.0 1135.84734212 400.100025006 84.6341845221 36.8690215692 73.2481371088 44.6819852941 16.3345588235
1250.0 450.0 1105.84129949 450.100022227 87.9666796192 32.8291191998 73.6832217664 44.7371323529 18.2481617647
1250.0 500.0 1072.57776189 500.09724113 91.4761307744 34.0590147537 75.4954064588 44.6106032907 20.2317518248
1250.0 550.0 1041.11237073 550.091681947 95.6959931147 26.0245454545 75.0623275224 44.7362637363 22.5769230769
1250.0 600.0 1010.35047936 600.100016669 99.8214150228 23.6215878308 75.9875513263 44.697080292 24.7226277372
1250.0 650.0 981.31146826 650.090290318 103.286829727 22.8453846154 76.8626026532 44.6976320583 26.9436363636
1250.0 700.0 959.1201671 700.097235727 106.256659501 23.0621539561 77.6760952264 44.5081669691 28.768115942
1250.0 750.0 934.346580292 750.083342594 109.974018744 22.8631666667 78.8203492877 44.6025408348 30.8876811594
1250.0 800.0 924.499229584 800.088898767 110.638968481 23.4625722769 78.2402137298 44.5851449275 31.7106690778
1250.0 850.0 914.22534639 822.425887602 116.012660567 175.003659786 138.841094494 44.5807622505 32.8731884058
1250.0 900.0 900.630441309 825.351538618 123.420489156 174.105356655 143.853027048 44.4981884058 34.2028985507
1250.0 950.0 888.590498006 823.818470877 130.989369569 174.877302968 149.398089514 44.7281021898 35.7868852459
1250.0 1000.0 877.141687621 824.138088915 138.322556808 174.592953343 154.079772229 44.7490842491 37.2797074954
1250.0 1050.0 866.484384026 824.445462278 146.296755108 174.33976177 158.888396496 44.7977941176 38.7743119266
1250.0 1100.0 853.760339986 823.456019963 153.629999076 174.675359519 163.364457682 44.8600368324 40.2683823529
1250.0 1150.0 841.971335554 822.374955306 161.413465091 174.987576375 167.869188299 44.8468634686 41.817679558
1250.0 1200.0 831.408775982 822.293284605 168.623303481 174.991865195 171.731578201 44.7287822878 43.3173431734
1250.0 1250.0 822.158073592 821.932820691 174.802234327 174.986329207 174.894260516 44.8243992606 44.7490774908
