94.4 98.4 94.4550988076 98.5917060952 7.41207349081 6.87811271298 7.14491803279 9.29787234043 9.38978723404
104.0 147.2 104.057809894 147.204089002 7.54676258993 7.81741335587 7.70550322261 9.35445205479 9.53938356164
101.2 197.1 101.261882261 197.17667982 7.52891566265 7.97916666667 7.82435791218 9.34137931034 9.75431034483
103.4 241.9 103.46897932 241.926880765 7.77101096224 8.83205325141 8.51802451334 9.3818657367 10.0548780488
100.1 295.1 100.10556142 295.264035575 7.92462311558 9.02556455049 8.7467387846 9.33157431838 10.4045734389
106.5 366.1 106.556238015 366.201722701 8.58401880141 9.47091222031 9.26996805112 9.40913160251 10.9024171889
103.1 401.9 103.14297624 401.966994499 8.88540410133 9.90567200986 9.69801129389 9.34272727273 11.4472727273
100.1 454.9 100.116686114 455.001111358 8.66502463054 10.0998064694 9.83675773312 9.36178107607 12.1057513915
94.9 490.0 95.0346323959 490.095296308 8.98704663212 10.919776593 10.6030566759 9.34647887324 12.5305164319
99.6 547.7 99.8913497702 547.79129855 9.22208121827 11.7764945652 11.3897002306 9.44509232264 13.6219630709
99.5 601.2 99.6605642424 601.283511599 11.2342342342 10.9247112211 10.9674666667 9.40221774194 14.9566532258
95.5 653.7 95.5053058503 653.827133054 10.9752281617 11.8668571429 11.7531992687 9.31030927835 15.8619979403
100.7 700.7 100.753175287 700.7 12.4866504854 11.7112903226 11.8110555903 9.35268817204 17.4731182796
99.0 754.9 99.0082506876 754.648450516 12.631778058 11.6051587302 11.724163134 9.33108108108 19.3400900901
102.1 786.9 102.111345705 786.987443049 13.9599027947 11.622638514 11.8927267621 9.38399071926 20.4837587007
105.8 848.2 105.826456614 848.223561766 14.7703180212 11.4017473715 11.7779531702 9.34029484029 23.0257985258
98.1 893.4 98.1572584007 893.375184023 15.9228855721 11.7095464726 12.1357574233 9.3661971831 24.8629961588
98.8 944.2 98.9429175476 944.25245847 16.648447205 11.1884941676 11.7149359205 9.3074829932 27.7741496599
91.6 997.9 91.6916916917 997.955441969 17.3282967033 11.075511999 11.5995165189 9.36034732272 30.8494934877
99.2 1050.1 99.2606592918 1050.15834213 19.332909784 11.0412702188 11.7509516041 9.31610942249 33.5547112462
105.1 1096.8 105.117519587 1096.89140762 20.0411124547 11.0531866116 11.8314312637 9.35852090032 36.6752411576
98.1 1146.5 98.2692414714 1144.11642412 21.5997409326 10.9600519649 11.7806973724 9.27918781726 39.8934010152
102.1 1196.9 102.224941595 1196.23542476 22.2731767614 11.405241725 12.251781244 9.39350180505 43.7563176895
101.0 1229.9 101.115158931 1198.60314023 22.0062735257 11.2069417819 12.0107396339 9.33978873239 43.8485915493
148.7 97.6 148.749583194 97.7411817069 7.30722367276 7.90697674419 7.54862194488 9.55945252352 9.28290598291
145.1 150.9 145.253322952 151.000667111 7.69237147595 7.50779327317 7.59958762887 9.55488331893 9.6205704408
152.8 198.1 152.833963103 198.13302217 8.01299756296 8.68738110336 8.39173789174 9.60990443093 9.7265625
150.5 245.1 150.562734473 245.222611306 8.09488448845 8.71068548387 8.47715894869 9.57931638913 10.036809816
148.6 301.2 148.64954985 301.493118309 8.55621301775 8.918561389 8.79955580233 9.57692307692 10.6878354204
154.2 347.4 154.264276782 347.448256702 9.25199362041 9.80517180305 9.63502575423 9.52236135957 10.7513416816
150.9 402.8 150.91676853 402.990300975 8.98566610455 9.99936988028 9.72362385321 9.60183486239 11.4926605505
150.3 448.2 150.655714882 448.187550346 8.74726200505 10.5388471178 10.0937630808 9.66074766355 12.0626168224
147.6 495.7 147.686150254 495.741311776 9.74936494496 11.2631447171 10.9176811594 9.54048964218 12.4435028249
150.2 556.9 150.484248024 557.085695232 10.0186915888 11.5881428251 11.260035524 9.62549019608 13.7441176471
154.5 606.5 154.542928591 606.466307427 11.3154906732 12.2277755018 12.0438266558 9.56941649899 14.7494969819
152.5 647.5 152.546611465 647.715905302 12.045045045 11.4899019042 11.595482866 9.59916492693 16.0657620042
145.0 704.5 145.020141686 704.3826029 12.372212693 11.728675297 11.8389419544 9.5717415115 17.9409190372
150.8 756.0 150.825137523 756.105014585 13.8407376362 11.7979145978 12.1347615757 9.54308390023 19.3854875283
149.5 792.6 149.541539316 792.64403578 14.7504132231 11.701163888 12.1886892178 9.51590106007 20.9588235294
150.7 842.6 150.808917552 842.670222519 14.6857855362 11.7262277952 12.1767906859 9.70186335404 23.1291925466
146.8 901.5 146.836709177 901.8006002 17.209663503 11.5982068966 12.3716256392 9.51302083333 25.48828125
149.6 949.2 149.69563888 949.252736263 18.8312655087 11.3154800784 12.3405911552 9.58171745152 28.4030470914
150.2 999.4 150.296022459 998.956019547 19.4547697368 11.6090909091 12.6409258058 9.61215629522 30.6237337192
148.0 1046.0 148.024670778 1045.9128406 20.5549872123 10.9238688054 12.1096882544 9.51070336391 33.6727828746
147.6 1106.1 147.657422331 1105.67001722 22.2393162393 11.2140589569 12.5053053053 9.61274509804 37.410130719
153.7 1154.6 153.708539363 1153.73469898 24.5057755776 11.3212933925 12.8491251554 9.61034482759 40.6793103448
147.1 1202.7 147.185858417 1193.87856394 23.9421276596 11.2943678042 12.6683616864 9.5960502693 43.6804308797
148.8 1268.2 148.911683763 1199.62163014 24.4331914894 11.6282936315 12.9411867365 9.53846153846 43.6786324786
196.2 100.9 196.254515143 100.958892687 8.42232375979 7.73812423873 8.18359541011 9.75603448276 9.32127476314
199.8 154.7 199.833305551 154.902233471 8.4324155194 8.3963963964 8.41681447322 9.73524305556 9.58506944444
200.9 208.0 200.922324703 208.16769064 8.55027760642 8.8336402701 8.69230769231 9.86279683377 9.8654353562
195.3 242.5 195.555308319 242.715747331 8.68809675366 8.6819843342 8.68473895582 9.75837742504 10.0238095238
202.2 295.2 202.346138878 295.22460205 8.50917992656 9.54987426655 9.12686567164 9.85 10.35625
199.5 353.6 199.749687109 353.767056666 9.09815168897 9.91278248588 9.62235855487 9.74456521739 10.919384058
200.1 400.4 200.428480009 400.578034682 9.4062103929 10.5274621212 10.1546565529 9.75941230487 11.3504587156
194.6 450.3 194.675707219 450.575351604 9.60089399745 11.2918873711 10.7779934019 9.72067039106 11.8752327747
193.5 495.3 193.521502389 495.327518195 10.0139152435 11.4453046953 11.0401074306 9.72485768501 12.5085388994
201.6 566.0 201.784969555 566.424818614 11.2568472307 11.3982436883 11.360761536 9.8406374502 14.0756972112
198.5 603.5 198.825853482 603.835464147 11.7824161923 11.589769926 11.6369979842 9.75406504065 14.8932926829
207.4 640.9 207.440335621 641.006834472 12.4337926902 11.738776321 11.9118305236 9.88080168776 16.19092827
201.9 701.9 201.950487622 701.997499653 13.8678090575 11.7037822552 12.1886999451 9.81898454746 18.0209713024
203.1 746.0 203.252439329 746.062171848 14.2881667689 11.8454560726 12.3707805907 9.79431818182 19.2045454545
200.7 803.6 200.694425155 803.778617471 16.387037037 11.8821888079 12.7863957378 9.81796407186 21.3636363636
209.8 841.9 209.893285905 841.97016418 16.987394958 12.1415626857 13.1028816385 9.92821782178 22.7227722772
199.8 902.2 200.072320659 902.275189599 19.7333333333 11.678700361 13.1689487383 9.82671957672 25.9047619048
196.7 948.7 196.721857984 948.72635351 19.6858237548 11.6705446854 13.0453450164 9.87743732591 28.3844011142
192.3 1005.3 192.326712043 1005.21623198 22.4749009247 11.5241875465 13.25553467 9.79411764706 31.2941176471
206.1 1050.0 206.168722908 1049.53354065 24.8737864078 11.7638922013 13.9170819215 10.0637636081 34.1135303266
206.9 1092.4 206.905747382 1092.24829885 26.5117399157 11.610776401 13.9774335437 10.0326797386 36.8743882545
196.8 1149.1 196.821869097 1148.94042494 27.7572440438 11.6965696353 14.0073188809 9.93275862069 40.3
205.2 1199.1 205.336891261 1194.38879973 29.6510510511 12.1209007887 14.7036545438 10.1861313869 43.9562043796
206.7 1259.7 206.987482615 1199.74602503 29.2119205298 12.0670653986 14.4682124789 10.1590909091 44.0769230769
249.1 100.8 249.189985272 100.842017507 8.22761760243 8.04326328801 8.17408470926 10.0897212544 9.33101045296
254.2 148.8 254.256501445 148.853752744 8.49877750611 8.47902684564 8.49150447946 10.0858143608 9.50262697023
252.4 203.8 252.582420637 204.151594413 9.01425061425 9.00240529164 9.00892374256 10.1357586513 9.85004436557
244.6 252.9 244.70195915 252.949184564 8.9391926418 9.11331024245 9.02765208648 10.1348214286 10.0758928571
249.5 301.9 249.7705848 301.908386344 9.29847715736 9.2452909167 9.26932782748 9.98382749326 10.4375561545
256.2 360.6 256.22846983 360.589983612 10.1582768635 9.73027008067 9.9101077893 10.1008249313 10.9770852429
250.7 403.7 250.804501876 403.7112142 9.76314471708 10.9571561627 10.5001916443 10.087037037 11.3222222222
250.3 456.4 250.355634585 456.425356964 11.0049431537 11.2488327383 11.1617231638 9.95381715363 12.0574929312
252.9 497.1 252.914050781 497.182863811 11.3285072391 11.2942360936 11.3057228916 10.0606936416 12.7013487476
256.4 552.9 256.47836839 552.9 11.0646572679 12.2085694854 11.8447742733 10.3340040241 13.9778672032
257.4 606.9 257.471519867 606.93371854 12.5421389847 12.2887877534 12.3636893487 10.085303186 15.0143884892
247.4 651.3 247.406872413 651.263818677 13.4325699746 12.27432248 12.5951508317 10.1045406547 16.0221752904
240.7 702.4 240.720060005 702.321964226 14.7407597536 12.1320315299 12.8069057105 10.1385809313 17.84606866
254.9 734.7 255.105501654 734.7 15.2780203785 12.1085324232 12.9332155031 10.2482837529 19.0457665904
257.8 797.2 257.814323018 797.133572202 17.7061403509 12.7697007677 13.9705986959 10.3289315726 20.9915966387
250.7 847.9 250.783594532 847.99422158 19.5140703518 11.7199406968 13.4955924442 10.2875318066 23.6221374046
250.2 898.1 250.269519311 897.875531117 19.7956564659 12.4384787472 14.0625408586 10.3808255659 25.7030625832
261.5 943.1 261.5799272 943.073803505 23.0062290369 12.1846133369 14.5371875 10.7059659091 28.5625
245.8 1015.0 245.984488366 1014.91542371 25.4141772152 12.2491417361 14.8156154378 10.5090909091 32.1727272727
246.6 1045.4 246.757650721 1045.458081 26.6925831202 12.5111005013 15.194232072 10.4751552795 33.5869565217
248.8 1094.2 248.882960987 1094.26079227 29.0591775326 12.7608022923 15.7927045433 10.7903494176 37.2712146423
248.9 1165.2 249.01759164 1164.13287819 31.0760649087 14.4725756442 17.3637086093 11.1119133574 42.0884476534
250.1 1212.4 250.24597682 1198.87930561 32.4868093579 15.6807395994 18.5556880109 11.1589648799 44.2250922509
248.0 1245.8 248.020668389 1199.26197289 33.1140973631 14.2847491307 17.3695272909 11.0521582734 44.3705035971
298.0 95.8 298.099366455 95.8719039279 9.22717799083 7.94854881266 8.92017738359 10.3729111697 9.33479789104
312.2 156.0 312.243367134 156.091053114 9.360455655 8.58433253397 9.09867888919 10.5022222222 9.55822222222
298.8 197.0 298.866414759 197.076640916 8.940267335 8.78990536278 8.88037195275 10.3443060498 9.74021352313
295.2 249.7 295.421566175 250.075112669 9.6359832636 9.32027764006 9.49149081007 10.3312387792 10.0412926391
303.9 293.1 303.959103159 293.116284238 9.33721898418 10.2102345416 9.76848535917 10.6273972603 10.3242009132
294.1 347.4 294.271658467 347.641417651 10.1896258503 10.5216158753 10.3706996521 10.4091743119 10.6608615949
298.7 402.2 298.899266177 402.267044507 10.8131313131 10.9224853891 10.8763106451 10.4639175258 11.3458294283
307.4 452.4 307.468326295 452.538275584 11.0693711968 11.3644444444 11.2445177246 10.6098265896 12.1531791908
294.3 495.6 294.447223612 495.682613769 11.3054123711 12.2412392077 11.8935525056 10.4717348928 12.7105263158
300.7 560.5 300.758480816 560.609007307 12.064624423 12.6615044248 12.4554541504 10.5570131181 13.8296370968
302.9 596.3 302.916828713 596.316564349 14.0791513668 12.4360159697 12.994590846 10.4792099792 15.0301142264
303.3 653.7 303.35898647 653.718158838 15.3616236162 13.2095945174 13.8919656786 10.6301075269 16.1675617615
295.9 694.4 295.998666222 694.438579921 15.4170918367 12.8632447954 13.6212771328 10.5930880713 17.6488294314
295.3 761.4 295.38205057 761.378850587 17.987473904 12.4712966018 14.0334634031 10.5714285714 20.0106132075
299.7 803.7 299.724977081 803.923312031 19.3693350275 12.594 14.3992777339 10.800248139 21.926889715
296.0 857.9 296.024668722 857.876170106 21.4187396352 12.2914765199 14.6831070071 10.8881578947 24.6039473684
308.3 898.8 308.334259362 898.874906242 23.3188694268 12.8303744799 15.5404237811 11.3944444444 26.7101248266
314.6 964.5 314.844879351 964.5 25.7032793362 13.1688650908 16.2827836671 11.7454819277 30.6189759036
301.1 996.3 301.208769834 996.327675769 25.7039059219 13.103653895 16.0268927214 11.4311926606 31.6977099237
298.4 1045.1 298.408289119 1045.01291559 27.9708211755 14.001305793 17.0977547815 11.9019607843 35.0358890701
298.2 1092.8 298.382344766 1092.86071448 30.2265657839 15.3451074531 18.5268266379 12.2326388889 38.4461805556
290.5 1140.8 290.613016173 1140.1349213 30.1282161235 16.8757247566 19.5694238647 12.2663043478 41.2155797101
299.1 1197.9 299.1914196 1186.39852541 33.8307248764 42.7789232532 40.9730695703 12.620754717 44.1735849057
290.4 1229.7 290.464547677 1198.14874959 33.0196833547 35.9776947921 35.4131482238 12.3861940299 44.703358209
343.4 93.8 343.428619052 93.8469234617 9.69073668855 7.69866666667 9.26288659794 10.7838078292 9.30044444444
349.0 156.8 349.320210193 156.830494818 10.1242857143 8.87035573123 9.73407134071 10.7224709042 9.55456171735
354.1 205.7 354.336224149 205.757154765 9.88553370787 9.21762589928 9.63883968113 10.9217470428 9.88181818182
363.8 239.9 363.850534796 240.033351862 10.1493461803 9.38549222798 9.84449958644 10.8824065634 10.0100273473
352.1 305.2 352.148909571 305.208478013 11.0989088349 10.1912724307 10.6784432269 10.8399629972 10.5411655874
338.9 358.4 338.92824402 358.659031523 10.9257352941 10.5580013976 10.737190971 10.7906542056 10.9131652661
344.7 404.5 344.776617026 404.589908869 11.2416940489 11.1842909535 11.2104475129 10.8681948424 11.5877862595
339.8 456.1 339.809439151 456.188703359 12.3214946356 12.0298140044 12.1537977669 10.8075435203 12.087040619
348.6 505.3 348.619367743 505.384230705 12.906418071 12.078837152 12.4158878505 10.8343253968 12.9613095238
346.3 548.8 346.319239958 549.181375956 13.6061482821 13.0625 13.2704385116 10.9693877551 13.8510204082
353.8 587.9 353.967151155 587.94899575 14.7277158774 12.8391638225 13.5566137566 11.0691099476 14.7277486911
349.9 646.1 350.016672224 646.1 15.1543696275 13.1449331525 13.8503709292 11.2810098793 16.3545554336
349.9 701.7 349.977772838 701.758479873 16.436983842 13.4506437768 14.4434761848 11.4310544612 18.3576388889
357.0 760.3 357.009916942 760.447864863 18.6209424084 13.3315579228 15.0394455088 11.4981729598 20.4270072993
346.2 809.6 346.276950433 809.6 21.0432470755 12.7376414071 15.264071598 11.65374677 22.980620155
347.6 845.8 347.735230367 845.823495097 20.7752276867 13.4034284025 15.530803196 11.9852744311 24.3101604278
349.6 923.7 349.706854872 923.571726149 25.506637962 13.4410332702 16.7439347805 12.4053254438 28.9305760709
351.5 948.4 351.5 948.241959673 26.0982206406 14.3694879558 17.5363697511 12.9279141104 30.3736600306
347.1 982.6 347.263985771 982.627295203 26.2526126126 14.2117676896 17.3459337773 12.6703470032 32.1968503937
342.3 1045.9 342.423652986 1045.9 29.0316939891 17.0017859269 19.9650035894 13.3709401709 36.3658119658
346.6 1097.1 346.84086171 1096.42995947 31.2260996001 23.7546186104 25.5304993952 14.152293578 40.1027522936
347.8 1151.5 347.809661379 1150.317729 33.090715048 53.6247679371 48.8018048128 14.5544747082 43.8346303502
357.8 1199.4 357.859643274 1161.7715116 33.4278728606 80.4112294489 69.6793521621 14.9730769231 44.6807692308
352.4 1239.7 352.517505835 1163.49131863 32.8077876106 78.8895632275 68.7792016154 14.6697588126 44.5851851852
411.0 96.3 411.194175027 96.4876148066 9.97783251232 8.69220945083 9.72810716944 11.4558689718 9.35213830755
393.9 159.4 393.932827736 159.53737941 9.64421252372 8.98547400612 9.4514541387 11.4025617566 9.59835315645
394.4 202.9 394.443827092 202.978936253 10.8703060902 9.16082603254 10.2972519404 11.2493125573 9.82493125573
406.2 244.5 406.36932055 244.53396305 10.869216533 9.80937972769 10.4669856459 11.2850553506 10.0212177122
399.9 303.5 400.122290161 303.685585636 10.7935909519 10.5158762887 10.6735021398 11.469924812 10.4454887218
405.9 363.6 406.001500375 363.589900281 11.5753676471 11.5726083964 11.5740680713 11.4703065134 11.0784688995
404.4 400.2 404.57981325 400.311197555 12.1110094541 11.8355222014 11.9749884206 11.4028985507 11.4541062802
394.9 456.1 395.075589151 456.290120884 12.6527249683 12.4968484516 12.569140338 11.476284585 12.1480750247
399.0 498.8 399.144135382 498.827712651 13.5073783359 12.4547726137 12.9212466954 11.4903553299 13.1390862944
400.7 539.7 400.722262348 539.729984999 13.9497223936 12.916764087 13.362149222 11.6496350365 13.9895724713
401.3 609.0 401.322295683 609.18614021 15.6107466417 13.5588295899 14.37434815 11.7175572519 15.6296296296
404.1 647.7 404.234744915 647.7 17.0258700339 13.5894757206 14.9152804183 11.9085778781 16.793686584
398.4 696.4 398.543918637 696.4 18.0501410216 13.3684115848 15.0757714286 12.014084507 18.3509389671
400.9 751.1 401.21205382 751.079136691 19.2180967239 13.9929765886 15.8162221013 12.4611528822 20.7556390977
400.1 800.8 400.300150075 800.933488915 21.0655430712 13.9932948698 16.3494852865 12.9083665339 22.9827586207
399.2 848.6 399.366402668 848.717877483 22.4653341661 14.0 16.7100579884 13.3243626062 25.7875354108
403.4 897.5 403.512086691 897.699488775 24.3774294671 14.6553398058 17.6374038462 13.8977443609 28.384962406
395.4 947.4 395.685773058 947.163209198 26.2120549656 15.8724047306 18.9345172031 14.1961722488 31.370015949
398.8 1016.9 398.855396583 1016.7587835 28.7549234136 19.2573782587 21.938752096 15.513321492 36.6234458259
414.0 1047.5 414.092020449 1047.18002832 29.3911995178 24.874625075 26.1606453274 16.5703564728 39.2101313321
409.6 1093.9 409.656896791 1093.71771371 30.7085119412 58.3015601868 50.8209512742 17.1408730159 42.5257936508
394.7 1145.8 394.732894408 1128.9596847 31.0133800573 90.6049543677 75.4499716438 17.0200803213 44.5983935743
400.9 1203.9 400.933411118 1129.83315954 31.4760124611 85.7372993969 72.3317170784 16.7366412214 44.6736641221
402.4 1237.1 402.411178088 1132.58735568 32.1297780518 84.4723488603 71.7380380981 16.6014897579 44.7690875233
441.7 101.4 441.712269785 101.411267919 10.4503816794 9.39509202454 10.2527573529 11.7880733945 9.32018348624
447.6 153.4 447.6 153.724529562 10.547112462 9.08671439936 10.1706316653 11.9255813953 9.62639405204
450.4 192.4 450.450050006 192.41603467 11.1823725055 9.44588464031 10.6622015143 11.9616104869 9.82303370787
447.4 248.0 447.810492952 248.06890803 11.8922820655 10.6563765182 11.4544639656 11.7755868545 10.0853658537
460.3 291.0 460.351150128 291.048508085 12.1166576234 10.7130177515 11.5679114342 12.0784688995 10.4650717703
455.7 348.3 455.712658685 348.716522513 11.9204793028 11.5959957097 11.7801824084 12.0562015504 10.9011627907
438.5 404.2 438.646215405 404.233686141 12.4236804565 12.5977722772 12.50719905 12.0643564356 11.6623762376
452.2 451.9 452.31307827 451.9 12.9825194229 12.7076923077 12.8444229707 12.1463168517 12.2694248234
450.0 493.8 450.012500347 493.813717048 14.1901703435 12.9620188631 13.5481076759 12.1927835052 13.0206185567
443.6 564.5 443.624645814 564.64116029 14.8978388998 13.5012085256 14.1144934681 12.3164693219 14.5344086022
450.3 596.6 450.462667074 596.633146286 16.1067400275 14.0443886097 14.9356794674 12.705027933 15.6026785714
447.1 646.5 447.075162491 646.697602045 17.3184785694 13.7979154603 15.2228860294 13.0908018868 17.4275618375
444.1 696.3 444.235738698 696.280658871 18.6290505969 14.6055258467 16.1562226117 13.184596577 18.9425427873
453.4 757.2 453.412594794 757.221033918 19.5402078775 14.941011236 16.673053152 14.1344873502 21.9187749667
455.3 795.5 455.312647574 795.522097836 21.4255377827 15.14515625 17.4165170557 14.5742296919 23.9831932773
449.2 859.8 449.187522569 860.015003751 23.4488255034 17.2062799826 19.3414634146 15.1148036254 27.4048338369
439.9 897.7 439.961105709 897.550408265 24.0417018879 17.3161795553 19.5469158879 15.4006259781 29.053125
444.0 957.1 444.37030859 957.259543257 26.0377464789 19.2664935065 21.4032 16.6148531952 33.689119171
457.5 972.9 457.563550493 972.954053003 27.0581140351 20.5705284814 22.6420131291 17.3964285714 35.0553571429
452.5 1060.2 452.537711476 1060.25890327 29.529879386 40.8537680132 37.4437015024 19.3668032787 42.5983606557
464.9 1101.9 464.977496249 1080.2352813 31.2555196554 100.819884889 80.274194831 20.2208333333 44.5666666667
458.2 1146.7 458.441955477 1089.35743502 30.1731874145 96.0092512909 77.4291560497 19.5410821643 44.6032064128
445.1 1199.4 445.372171883 1100.87195961 30.3774373259 91.9745953698 75.412747154 18.5793499044 44.6099426386
454.8 1260.8 454.926368436 1101.34912162 30.5110625512 87.6373256373 72.7583238475 18.5209471767 44.7067395264
503.2 108.3 503.241936828 108.363211874 10.7100985222 9.37796208531 10.4808319739 12.9268060837 9.38498098859
489.3 152.7 489.354372708 152.882609784 10.7826306488 9.6714770798 10.5279237206 12.5633270321 9.51558073654
496.7 198.7 496.768995694 198.876779359 10.8974874372 10.6082278481 10.8152877698 12.9595375723 9.78825794033
496.3 250.7 496.272429309 250.713928552 11.3402426694 11.1610337972 11.2798257373 12.7133204633 10.1234329797
499.3 301.1 499.32774043 301.242253286 12.0221723966 11.9075313808 11.9793878826 12.8491674829 10.4774951076
501.7 349.3 502.132391782 349.377639475 12.201242236 12.968975469 12.5143445638 12.7445759369 10.8540433925
503.4 398.9 503.49790237 398.888919752 13.3601503759 13.2166823456 13.2964201142 13.0447609359 11.6622583927
496.7 438.4 496.893236259 438.631499958 13.8895261845 13.7380073801 13.8186645427 12.9641025641 12.0512820513
504.2 503.6 504.228012667 503.893938131 14.6327893175 14.4537291095 14.5436483298 13.3326180258 13.3654876742
489.4 550.1 489.685649962 550.451677461 15.792020592 14.3694080434 15.0344122248 13.3935698448 14.5909090909
505.0 597.8 505.070148632 597.833212956 16.2287630402 14.8895154553 15.5012480145 13.9813519814 16.0909090909
494.2 646.0 494.419742108 646.359088382 17.5720060637 14.9819487578 16.1072447859 14.0420168067 17.3097238896
505.4 700.6 505.385961501 700.677853095 19.2638820639 15.8404842443 17.2788272943 15.0718954248 20.1267973856
506.5 743.6 506.795630785 743.765281174 20.2921933086 15.8613628734 17.6504553187 15.8559556787 22.1024930748
502.3 810.1 502.355817313 810.370123374 21.2817145689 16.6989678016 18.4559703619 16.784522003 25.9757575758
493.0 864.6 493.013694825 864.551969335 23.9096431283 17.6244939271 19.9096346738 17.2540453074 29.1731391586
508.1 890.3 508.170579247 890.225814515 24.3736045646 18.4713761985 20.6103569181 18.8183391003 31.6384083045
502.3 950.6 502.439566546 950.679223269 25.6836481113 22.0451315789 23.304714384 19.9621928166 36.2094339623
503.4 995.8 503.441953496 994.225809136 27.1087605774 35.8695324284 32.9297644897 21.0941883768 39.5090180361
500.4 1058.7 500.483413902 1051.34061569 28.1809120359 103.054012528 78.9666506333 22.3463203463 44.4112554113
483.2 1096.9 483.374551922 1062.83038165 28.9689982065 104.725189974 81.4801886792 21.21875 44.4
502.8 1157.6 502.953680291 1060.96387383 28.8554609218 98.6685630004 78.000074162 21.3849206349 44.7023809524
496.3 1211.0 496.396521546 1070.68127118 28.4957627119 95.4496779388 76.1910668196 20.5935727788 44.5652173913
494.1 1251.6 494.113725381 1077.3144606 29.4700963001 90.4884504331 73.6930803571 20.2403669725 44.6697247706
549.3 98.6 549.391565261 98.7124224812 11.4236174071 9.15324675325 11.0862601312 13.5988372093 9.35174418605
541.3 155.7 541.345112093 155.894868586 11.3590339062 9.87900641026 11.0264674109 13.652301665 9.67906066536
538.6 193.1 538.68978163 193.164388129 11.2177604406 10.0961663418 10.9250466339 13.4736328125 9.74146341463
564.1 258.3 564.13134063 258.508242751 11.9679001337 12.383521334 12.0977777778 13.994 10.0889110889
548.8 304.2 548.845737145 304.225352113 12.1473975127 12.2762339278 12.1933955279 13.8296370968 10.527693857
563.1 349.2 563.162573619 349.248506737 12.5974490938 13.850964975 13.0800880694 14.4926931106 11.1837160752
545.0 407.6 544.954587118 407.769904127 13.4789485927 13.8353192789 13.632989963 14.1610526316 11.8191377497
547.7 448.0 547.897852002 447.987555901 14.3343338721 14.2126116071 14.2792166772 14.1026737968 12.4951871658
551.2 506.3 551.27656619 506.412536119 15.0917472453 15.628195582 15.3467437471 14.9286523216 13.9603624009
544.6 550.7 544.842152068 550.868320876 16.1094141783 15.670444243 15.8893056029 14.7494199536 15.0811123986
540.2 604.7 540.350097249 604.750395866 16.9528432732 16.4092800666 16.6667761717 15.0168471721 16.3834134615
540.2 640.8 540.320071127 640.8 18.0218401487 15.7853943525 16.8051700392 15.4773869347 17.8932160804
557.1 704.9 557.254792998 704.919581099 19.7679657581 16.9583628632 18.1952791828 17.4611032532 21.563559322
549.7 767.5 549.715269869 767.585287254 21.4080091533 16.8009236352 18.7306623215 18.128983308 24.5833333333
557.5 796.2 557.561951328 796.133655529 21.415111311 18.8901098901 19.9281686235 19.3536977492 26.6816720257
545.9 845.1 546.112377036 845.1 24.7436542419 19.1443905308 21.3356899946 19.5844594595 29.3918918919
544.4 905.0 544.490748458 905.0 25.1472760849 22.6499583449 23.5879139934 21.2705223881 34.0932835821
542.1 944.3 542.1 944.404933882 26.5853434413 27.8777292576 27.4053736356 22.031496063 37.0511811024
547.5 1001.6 547.560840093 1001.57217855 28.2226011824 94.1958068139 70.8173394569 24.8647450111 43.2949002217
556.3 1057.9 556.392732122 1015.85489464 28.3433843384 114.656517157 85.1120696295 25.1546840959 44.647826087
551.9 1105.1 552.053348152 1023.71468272 27.6635662432 108.790204354 82.1270504026 24.1846473029 44.6410788382
549.1 1140.9 549.13050725 1032.25514589 27.8206063369 104.678960872 80.1408922204 23.4939759036 44.6024096386
536.7 1192.6 536.729818323 1045.32528243 27.6647847565 98.1086165049 76.9291321876 22.5076923077 44.625
552.1 1253.3 552.161351261 1043.95751868 27.8973375451 94.851738632 74.9361744966 22.3467153285 44.6551094891
612.8 103.9 612.919178729 103.960643709 11.3488657265 10.8168846611 11.2708405999 15.0909090909 9.36060606061
595.8 156.5 595.948987247 156.543484301 11.524822695 11.2319422151 11.4644039735 14.7701612903 9.60383064516
603.9 202.3 603.933551864 202.42932985 11.7293777135 11.9282595134 11.7788819876 14.8719512195 9.79289340102
596.6 249.6 597.047785839 249.731802896 12.7275021026 12.2944472746 12.600982289 14.7085889571 10.1697341513
597.6 300.3 597.815877956 300.508686588 12.2867830424 13.5866108787 12.7181338517 15.1813417191 10.6104712042
596.5 338.0 596.516569905 338.093914976 12.666456229 14.1574945692 13.214532872 15.0052576236 10.9411146162
601.6 400.8 601.683567162 400.889086464 13.6560312886 15.4491446345 14.370122631 15.4113166485 11.8509249184
604.7 452.7 604.716797689 452.762883734 14.0008218615 16.1629058888 14.9250676391 15.8094170404 12.66367713
612.3 495.8 612.317008806 495.813772605 14.4511232544 17.6715402067 15.8852716659 16.5463071512 13.7713950762
599.6 552.2 599.616656018 552.368779349 16.3505843072 16.8999549347 16.6147345612 16.8316831683 15.8428217822
599.0 610.6 598.983361573 610.8036012 17.5703858186 17.4862553451 17.5278178446 17.0464516129 17.4961340206
595.6 650.1 595.682733713 650.298702381 18.1206896552 18.0161818532 18.0661505982 18.2077028886 19.4258241758
590.8 688.5 590.849237436 688.633901036 18.7117559206 17.5523757109 18.0883803512 18.2351274788 20.8838526912
603.0 754.7 603.067007445 754.825804301 20.5887162715 19.511344678 19.9954988058 20.857605178 25.5469255663
607.8 794.2 607.985773431 794.222061724 22.1028018129 19.8236406619 20.8115010269 22.1597222222 28.5243055556
602.0 845.8 602.016722687 845.706032663 23.638998137 23.6396316102 23.6393669463 23.5046904315 32.2401500938
597.4 911.5 597.599199733 911.474681259 26.2195980941 41.8479035352 35.6262268041 25.8210526316 38.1957894737
609.3 939.4 609.469297027 936.979469703 26.8769857434 59.0415234065 46.3789288005 27.1868131868 40.3881578947
604.0 999.2 604.218189902 978.621759121 28.2004532344 125.2551466 88.6475250602 28.4101382488 44.5576036866
601.4 1063.2 601.383294908 989.96973851 27.0780112336 116.908451516 84.8747032641 27.1555075594 44.4353448276
598.8 1102.5 598.8 999.722928893 27.8066402172 112.066202476 82.903880899 26.3166666667 44.5708333333
605.9 1146.4 606.06835232 999.210711086 27.1741908885 108.893225331 81.2816744445 25.9262948207 44.5697211155
602.0 1201.7 602.117078321 1010.44518148 27.2101388305 101.571102737 77.7463269982 24.8671726755 44.4659090909
617.4 1256.9 617.502917153 1012.24581106 27.9231702386 98.1638556487 75.8352721897 24.7581818182 44.6763636364
651.6 107.2 651.762940735 107.25958866 11.6425157714 10.9232531501 11.5396461337 15.8955532575 9.39772727273
643.0 155.9 643.017861607 155.982324004 11.7184297041 11.8499197432 11.7439613527 15.9085239085 9.58566978193
651.7 195.9 651.881078077 195.921769085 11.9510069713 12.0127388535 11.9653994654 16.3853503185 9.90349946978
655.1 255.9 655.136396466 255.985328443 12.6748212269 14.2909090909 13.1223295686 16.3661670236 10.2869379015
645.5 297.9 645.535863104 297.916550919 12.4976662777 15.4152365006 13.4231841721 16.3086021505 10.488172043
653.9 353.7 653.954496208 353.817939313 13.6608863198 15.23885918 14.2145090682 16.4588364435 11.1569703622
648.3 413.0 648.354029502 413.011472541 13.4209612044 16.8238705739 14.7391509992 16.9181818182 12.1159090909
651.1 449.9 651.1 449.9 14.7119357307 16.9763954457 15.6355193114 17.3628841608 13.2895981087
649.4 501.6 649.273752326 501.572134881 15.1677930102 17.0675200803 15.9937793299 18.3696741855 14.8922305764
650.1 549.2 650.154179515 549.245770481 16.673150267 18.2237411711 17.3796325132 18.6428571429 16.2350649351
652.7 603.4 652.808801467 603.500583431 17.3549942152 17.8496759356 17.5923362424 19.9411764706 18.6162464986
653.3 645.4 653.281853282 645.48965134 18.9488603716 18.2457676591 18.6000965251 20.5720588235 20.5161764706
641.0 699.2 641.302837451 699.238846603 20.6410804508 19.0489535296 19.8086980712 21.21875 23.1453125
658.8 753.2 658.818300508 753.241846769 22.3009101251 21.2867573847 21.7600884956 24.0917107584 27.514084507
651.0 799.2 651.090429226 799.2 22.3172966781 22.0948045833 22.1951933844 25.1682242991 30.3570093458
648.2 841.1 648.308051342 841.146730374 25.0086555107 26.5043065043 25.8526774491 27.016293279 34.4410569106
643.7 914.2 643.7 914.2 28.4733888136 52.7046568627 42.6972264407 29.6247139588 40.8812785388
658.4 953.0 658.381711619 936.098226467 27.8466526798 122.626007802 84.2027371839 31.7081339713 44.2440191388
648.6 1000.5 648.672074675 953.18495779 27.8036608863 129.166276058 89.6030683613 30.2540045767 44.4485125858
644.8 1040.2 645.176352873 962.603465117 28.0942225669 122.936970837 87.1297028254 29.3929359823 44.6622516556
661.0 1102.0 661.036724262 963.684504579 28.4055439529 116.291425451 84.1949798918 29.0124740125 44.7609147609
645.5 1150.2 645.804963455 980.632326821 27.7355260627 110.947445408 81.6570751523 27.4365079365 44.5416666667
651.9 1204.8 651.954329527 987.001638449 28.7306209024 105.222047089 79.357501467 26.8674242424 44.5568181818
648.6 1237.8 648.636035335 990.195991289 27.5228732723 101.561103186 77.2616917966 26.1966911765 44.6783088235
707.9 100.8 707.880336657 100.926157697 11.9543378995 12.1693251534 11.9812567215 17.4774193548 9.30934479055
710.4 153.6 710.459204934 153.604266785 11.8722397476 12.0930420712 11.9115528666 17.7783842795 9.61790393013
708.5 200.2 708.559046587 200.327987325 12.450397878 13.2660436137 12.6307162534 17.6929824561 9.86513157895
691.9 253.3 691.938441025 253.405585661 12.2473370645 15.5544066962 13.1346103038 17.592061742 10.1773127753
699.7 297.3 699.758313193 297.539684746 12.9776666071 15.666945257 13.7831038798 17.7857142857 10.4637681159
688.3 360.1 688.395610501 360.120006667 13.4086861712 16.1996533795 14.3686218407 18.1377314815 11.6412037037
703.3 403.7 703.221864237 403.722429024 13.637553802 18.5120199813 15.4159927099 18.6785290629 12.1387900356
711.0 459.6 711.079008779 459.651072341 15.0854413586 19.667118828 16.8937787772 19.6662468514 13.7547169811
692.8 506.1 692.819244979 506.114058724 15.517996021 18.7181324111 16.8706275452 19.6288659794 14.881443299
692.1 531.1 692.1 531.129507195 15.9903069467 18.7830166549 17.2009355298 20.0425531915 15.9627659574
698.4 592.3 698.438802156 592.2341962 18.2900178253 20.0910631089 19.1131436314 21.9648093842 18.9941348974
691.8 662.9 691.780783867 663.121040347 20.2539395037 19.6127026008 19.9396878175 23.4205457464 22.4951923077
702.6 713.2 702.619517209 713.239624424 21.3139617293 21.105811694 21.2097302079 25.6996466431 26.0901060071
698.2 739.2 698.238791044 739.241068948 21.8290398126 21.7361181864 21.7812062937 26.7810760668 28.1351851852
696.8 787.0 696.838713262 787.021861718 23.2175942549 26.4757126931 24.9441303064 28.814516129 32.0
697.8 852.0 697.819383872 851.952669296 26.5558152076 47.0643171806 37.8435302675 32.0547945205 38.399543379
691.9 904.7 691.957663139 903.84636732 29.593143479 105.307056229 72.6176677892 34.0940594059 43.5371287129
702.0 926.4 702.019500542 907.691470252 30.802414344 145.468316965 96.0336751875 34.9751243781 44.7288557214
703.4 1006.1 703.458621552 925.125794999 29.6391843972 132.93121886 90.9262383734 32.8858447489 44.698630137
696.9 1058.9 696.919358871 938.440708008 30.6005726557 125.621810276 88.5604104139 31.3125 44.4461206897
692.2 1094.5 692.276919658 947.596257906 31.2084921067 120.052256011 86.5626538988 30.3528183716 44.6680584551
707.5 1124.9 707.81458426 947.062675398 30.3971706454 117.756470089 85.0032486906 30.3042596349 44.5983772819
711.6 1214.3 711.619767216 959.47850135 29.7743018735 108.331400966 80.5655297351 28.8395522388 44.3134328358
692.0 1234.4 692.153811958 970.058939096 27.4111453984 105.16025885 78.4186801523 27.9686346863 44.7324723247
737.3 98.5 737.381931326 98.5739304478 11.7098199117 13.2234706617 11.8911320473 18.6807095344 9.34146341463
756.3 153.3 756.363030253 153.543109924 11.6856192851 14.0221169036 12.0918829831 19.6945080092 9.58009153318
755.7 205.2 755.762980248 205.228503959 12.3452855246 14.0644007156 12.7196467991 19.2842465753 9.9098173516
766.9 255.2 766.963913659 255.377345379 12.1332027424 16.7757782101 13.2998044488 20.1333333333 10.0432242991
745.7 301.1 745.720714464 301.183662128 12.5265912544 16.4949832776 13.668190018 19.5198598131 10.6530373832
749.7 348.0 749.679175578 348.009666935 13.1397903145 18.6151079137 14.871657754 20.0059952038 11.2817745803
744.2 401.9 744.075987335 401.933494458 13.7280119482 19.6038449417 15.7547559517 20.5024937656 12.5099750623
748.7 433.6 748.804000556 433.624090227 14.6621262458 20.0128792215 16.6271809964 20.9422336329 13.3863928113
731.1 507.0 731.120308897 507.465176412 15.7315321477 19.7057658995 17.3555465669 21.7197802198 15.8392857143
745.8 552.1 745.92432072 552.130673926 16.8943020904 20.6048187345 18.4828882676 23.381443299 17.7908689249
748.2 604.1 748.283142571 604.116781022 19.0883038987 21.3835873878 20.1069409693 24.6277602524 20.3280757098
738.5 653.8 738.520514459 653.781839393 20.9741597703 21.0069084629 20.9894897593 26.2380136986 23.5616438356
759.9 697.7 759.710072482 697.758146512 23.1175600132 23.2073863636 23.1607478231 29.894026975 27.6230769231
745.5 744.3 745.624270712 744.237980168 26.4121161826 26.1173811119 26.2653996833 31.0348360656 30.9631147541
740.9 810.6 740.858841175 810.712598972 28.4472531176 38.8429828624 33.8725324309 33.7488584475 36.6241457859
757.8 853.6 757.821050585 853.6 41.0277823442 122.254532164 84.0201965488 38.8359375 43.265625
751.5 897.0 751.374770872 875.905281146 40.766655563 154.77987247 102.991753669 37.9897959184 44.3724489796
752.0 954.8 752.188047012 890.302527973 38.6670560748 143.772803079 98.0925509538 36.3069544365 44.5323741007
764.5 995.7 764.457530137 893.494192133 48.5296036536 138.899865837 100.235519888 35.8986175115 44.7050691244
752.3 1051.4 752.320897803 912.365617317 36.2617932419 129.257116726 91.5032258065 33.7201735358 44.4902386117
747.2 1084.1 747.283031448 921.483720161 37.7656197795 125.007615054 90.3009902306 32.8631578947 44.5136842105
743.9 1134.4 743.961996833 931.958010041 33.0595298495 117.857336531 85.5125145143 31.6317907445 44.7042253521
753.6 1195.1 753.683742638 937.946370177 34.6615486214 113.625847666 84.1601774273 30.7718631179 44.5855513308
761.0 1245.3 761.0 943.905674282 38.5 108.985122111 83.3511164037 30.0509090909 44.4781818182
793.3 100.0 793.211865348 100.052805647 11.5359404687 13.0113780025 11.700154777 20.8352803738 9.34228971963
804.3 146.7 804.277658954 146.932643352 11.8264910922 14.7079124579 12.2743687034 21.2177514793 9.49172576832
805.1 201.5 805.1 201.550387597 11.9487337863 15.8829328404 12.7371280405 21.7784503632 9.92736077482
804.2 244.6 804.267022252 244.633976941 11.9325563326 17.8036715961 13.3038351596 21.7978075518 10.1593673966
802.5 298.3 802.522292286 298.341436311 12.6710321172 18.7672158851 14.3143149983 21.898136646 10.905707196
801.6 346.5 801.689076564 346.548131685 13.0528430161 20.4305605141 15.28135447 22.4373401535 11.7071611253
796.8 387.6 796.932822137 387.632302692 13.9843578914 20.8398967076 16.2221051522 22.7860892388 12.5774278215
819.1 453.2 819.282062681 453.250361151 15.5588100686 22.5430680886 18.0599294947 24.9942611191 14.7578796562
808.9 501.4 809.03483914 501.567189063 16.7071703932 22.9017701321 19.0744092988 25.8744326778 16.7307110439
794.8 555.7 794.888320925 555.746312193 17.7054045611 22.3212527964 19.603200883 26.4952229299 18.9936305732
807.3 594.3 807.389709968 594.349529127 20.7910517322 23.5308305369 21.9568942436 29.1623036649 21.8446771379
792.9 645.8 792.98810979 645.764124215 24.474137931 22.780034823 23.7159061391 30.0111111111 24.8722222222
804.4 706.8 804.355313594 706.858904909 28.7218010212 25.3246202755 27.1354226804 34.2245762712 30.2093023256
804.1 742.6 804.144674704 742.888901239 31.5024027283 29.3919352117 30.4918403619 36.3630136986 34.0091116173
814.6 808.5 814.486876823 808.544919162 65.6634190897 51.3385262502 58.5836926394 41.7710526316 41.6210526316
792.1 867.0 792.254049398 848.26742764 70.2642140468 162.706968093 118.958999096 41.3103448276 44.575596817
801.3 894.3 801.433572262 853.090966904 71.096708143 158.606243983 117.813436123 40.7757731959 44.6829896907
807.6 969.0 807.555135826 870.055369881 85.2807858911 146.058470014 118.872327175 38.3735224586 44.6241134752
798.8 1018.7 798.711254305 884.971042471 76.8606222502 137.227497644 111.360624832 36.6179775281 44.6921348315
785.2 1046.6 785.178189495 896.01902497 59.148710647 133.704728024 102.359960093 35.3689956332 44.6135371179
816.8 1112.2 816.913460203 896.192671845 131.173986486 126.418787108 128.360950828 34.8020408163 44.5653061224
799.1 1149.9 799.055608022 911.353279176 88.0708184501 121.250409165 108.074745606 33.3280632411 44.5928853755
813.3 1199.9 810.418511957 916.303932799 96.7868246883 116.052289484 108.604046415 32.6490566038 44.4943396226
801.4 1228.9 801.422261729 925.260383988 88.2244296135 112.942067399 103.577938496 31.7380073801 44.6346863469
850.3 102.6 850.276381212 102.622805068 11.499552506 13.8871359223 11.7608926674 23.2101359703 9.39802224969
849.6 148.9 849.718016391 148.912409367 11.2864888628 16.3409863946 12.0295 23.5255930087 9.52808988764
838.2 196.2 838.293143683 196.298149075 12.0948340033 16.5136897001 12.9163737729 22.9007444169 9.85873605948
865.9 242.9 865.851897117 243.068797776 11.9467855602 19.2104994903 13.5453729669 24.2355212355 10.1966580977
856.1 293.4 855.886028493 293.628377627 12.3991221653 20.9067977768 14.56823632 24.1467532468 10.7337662338
862.9 344.3 862.876031221 344.3 13.1335462331 22.5934224792 15.8443454847 25.4024556617 11.8594815825
846.4 405.0 846.470539212 405.078765315 13.9603395288 23.1359133127 16.9054953791 25.7319148936 13.4362606232
853.7 432.7 853.771147596 432.856309223 15.5127640845 23.3476494486 18.1437341649 26.6061946903 14.6519174041
837.5 482.7 837.360439927 482.673184823 15.9404141219 22.2356143079 18.2379150506 26.4803625378 16.0574018127
848.2 547.9 848.223561766 547.945662139 18.2657168038 24.0224642614 20.5278644672 30.1202749141 19.8883161512
840.3 593.3 840.440073346 593.613295906 23.1467495928 24.0602159468 23.527011842 31.5716911765 22.7610294118
846.5 658.0 846.664629233 658.018278286 31.1128841608 25.0953928503 28.4895407951 35.2203742204 27.9043659044
843.9 711.4 843.970330861 711.41976166 39.9886027235 28.2947498238 34.6496138996 38.8139534884 33.2023255814
833.7 761.4 832.982709334 761.653884628 64.3089879267 34.0703592814 50.0180803396 40.8375 37.5286783042
839.8 805.6 833.295664397 805.577622844 170.108993448 106.195302843 138.743403094 44.4359673025 42.6766304348
857.4 841.4 824.885753227 822.081094284 173.098493627 173.647486282 173.369751594 44.8198924731 43.981233244
850.3 895.4 822.53929867 835.326129208 175.026485221 167.08794833 170.932605769 42.853470437 44.6015424165
849.1 933.1 821.687589043 844.901655013 171.498977206 159.527222875 165.176722058 41.2475490196 44.4191176471
858.1 1006.6 824.149614492 861.384867717 174.613478261 147.9552594 159.974451124 39.1727272727 44.625
833.3 1052.3 822.854321529 878.278812046 174.76827255 137.184728507 153.337676579 36.9653679654 44.6060606061
859.4 1101.8 823.44298946 883.186747122 175.001445713 134.241593489 151.586158105 36.4453608247 44.3649484536
850.1 1147.1 823.03141136 895.103500596 171.822979097 127.363348 145.670097508 35.1170634921 44.5694444444
858.4 1193.1 823.976109215 902.117113333 174.524967434 123.541796875 144.081928975 34.3123809524 44.5333333333
846.4 1233.8 821.703252252 912.705229631 174.549845838 117.799248826 139.935914323 33.0348623853 44.4311926606
892.0 99.3 892.099122125 99.3911085161 11.656970208 14.7894056848 11.9642585551 24.73657289 9.40537084399
915.5 153.9 915.322020718 153.959873284 11.6447314752 17.4648342765 12.4826582868 26.2877984085 9.57824933687
890.6 202.4 890.624739576 202.546283427 11.4814193909 18.3034947885 12.7474115371 25.4133858268 9.9501312336
899.5 250.2 899.350108315 250.283427809 12.0688405797 20.267099351 13.8578276501 26.0388739946 10.3404825737
898.1 303.1 898.075053471 303.175793948 12.8648986393 22.2119587629 15.2193829854 26.1653005464 11.1282401091
895.9 352.3 895.949774987 352.358726454 13.7864778564 23.7042650687 16.5889442231 27.2846924177 12.3404864092
901.1 404.9 901.04994167 404.911247535 14.5181513544 24.6698344574 17.6949347659 28.9648854962 14.1432926829
910.5 441.8 910.550586144 442.03329535 17.3905114493 24.6651672758 19.7753917051 29.966507177 15.6044657097
897.7 500.1 897.774814568 500.183363894 19.7621832359 24.8697709163 21.5939453474 31.0730050934 18.2224108659
912.5 541.1 912.778904665 541.145095425 25.5556167401 24.7852704258 25.2672926178 34.9166666667 21.4990548204
909.9 604.1 909.950552808 604.016108874 35.5561790064 26.0528488852 31.7676734425 37.49375 25.683991684
904.2 662.1 904.2 662.449626192 54.5244376562 27.1026608794 42.9007279418 41.4332552693 31.1261682243
893.0 700.7 892.628071637 700.777864207 126.1002079 28.8777355761 83.9201192718 43.223880597 34.8358208955
907.0 761.7 876.540227108 761.657685684 152.003673969 43.6634663135 103.125168036 44.7175572519 38.1649746193
896.6 805.9 852.011403231 805.94477471 159.04122578 76.7832003754 120.57190929 44.7377892031 40.7974358974
902.3 851.7 836.323377961 823.31838565 166.206230445 174.874598071 170.384978511 44.6428571429 42.6428571429
917.0 888.9 829.072278869 824.497578069 170.123568575 174.403827486 172.220229604 44.5939849624 43.3225
910.5 952.9 823.423016052 832.61085896 174.57519505 168.001273074 171.197723854 43.0362318841 44.690821256
879.7 1007.7 824.096385542 856.301192022 174.68464672 152.067889471 162.445504351 40.0227790433 44.6856492027
906.6 1044.2 821.62978627 857.150674936 175.548443843 151.164405427 162.314584494 39.9845814978 44.7753303965
898.0 1100.6 823.832216304 871.915848774 175.012061404 141.424531334 156.15934099 37.7763975155 44.5175983437
909.8 1140.6 822.748624683 877.19718009 175.091092845 138.048015628 154.07978072 37.1497005988 44.4850299401
912.9 1191.6 823.999598837 886.735432127 174.56590604 132.149497119 150.011813917 35.9522900763 44.5477099237
903.9 1244.6 823.307357555 898.682231181 175.02134022 125.118766831 145.373275957 34.4918032787 44.4681238616
931.7 99.1 931.932983246 99.1275354265 11.2395833333 15.6862996159 11.6645050777 27.1615074024 9.40915208614
956.6 152.8 956.414030605 152.97422064 11.2779816514 18.6631407648 12.3025172141 28.7402234637 9.64016736402
956.2 199.2 956.279689974 199.30518885 11.5360448442 20.8813559322 13.1430267703 28.7991573034 9.89887640449
946.7 245.1 946.7 245.311240235 12.0507620941 21.0082219938 13.8873669792 28.3679775281 10.316970547
953.9 289.6 953.635101361 289.728768341 13.0668760633 24.4367277375 15.7385863036 29.4510948905 11.2656934307
942.8 346.9 942.904767196 346.957826304 13.932951213 25.7119370979 17.1327184466 29.6122754491 12.4341317365
931.2 386.5 930.993112642 386.542949217 15.2735329663 26.1438356164 18.4437363265 30.2244582043 13.6826625387
965.6 446.3 965.331852263 446.3 18.7568090874 27.3059490085 21.4329165558 34.6566901408 16.8910369069
954.3 506.4 954.273492403 506.456272919 25.0200183174 25.8491907798 25.3085061002 36.2670454545 20.125
956.9 558.8 957.139284821 559.110617009 31.6826568266 25.9825033647 29.5731363108 39.550209205 24.0271966527
940.2 601.5 940.173884059 601.784175861 56.3210041394 26.139409072 44.5233021553 41.1897321429 27.3883928571
959.6 644.3 943.482179435 644.353696141 120.584939837 27.249709415 83.2103017609 43.9764150943 30.679245283
956.2 702.5 912.307855401 702.441463211 141.138755981 28.0061979812 93.3914050822 44.5179856115 34.0741626794
930.0 742.2 890.046788601 742.241235624 146.163667637 32.7826603325 96.4857270294 44.6485148515 36.6881188119
936.4 813.2 858.951230699 813.177411739 151.893043252 104.703709428 130.309910929 44.7076167076 39.8014705882
931.9 859.4 842.205151378 823.59643285 161.603035457 174.677941602 167.814985235 44.5738916256 41.7955665025
949.1 885.0 838.612767837 822.766831082 163.783431347 175.099009901 169.195557927 44.6150121065 42.1690821256
959.4 953.3 822.010138753 821.416945907 174.975498863 175.57006491 175.27163233 44.6834532374 44.4868105516
953.1 993.0 822.603150248 833.2090248 175.266811004 169.144848485 172.130170165 43.3790697674 44.6720930233
941.9 1050.0 823.799227424 850.680769664 174.487404728 156.696649631 165.020004835 40.9342105263 44.6929824561
945.6 1101.6 824.271774135 860.363604808 174.463220165 148.937573616 160.534852469 39.4282744283 44.6091476091
943.2 1144.8 823.296074485 871.324975158 174.8827853 142.564937059 156.865114687 38.218 44.554
957.9 1193.5 823.390081421 876.588799347 174.742817365 138.907121951 154.506142912 37.4137931034 44.6685823755
960.0 1259.0 821.663774042 888.514242026 175.116572149 131.853108381 150.073775277 35.972826087 44.5923913043
1005.9 100.2 1005.78824575 100.222271616 11.2553983619 17.4343949045 11.8039126993 31.101744186 9.35123367199
1008.2 145.8 1008.03199467 145.840511253 11.0357715554 19.4615384615 12.098415436 31.3651026393 9.56598240469
991.7 204.9 991.562283016 204.934155693 11.7873200303 21.3452307692 13.414859059 30.4200581395 10.0581395349
1011.1 259.5 1010.95958895 259.637030655 12.4843866171 25.1922700587 15.0526003559 32.1732522796 10.7036474164
993.1 302.8 992.934510915 302.808411345 13.2533166458 26.4067025238 16.3081579706 32.1439628483 11.7352941176
990.0 349.0 989.972500764 349.077572794 15.8566367202 26.6152197213 18.6704354326 33.0806451613 13.115942029
996.5 408.9 996.5 408.93407784 19.1290160643 27.3550093342 21.4933822214 34.9670710572 15.5857885615
1003.7 454.6 1003.64424199 454.840054473 24.4542743539 27.9657721796 25.5503418803 37.8233082707 18.0582706767
1000.9 500.7 1000.76100542 500.727818212 43.1106404186 27.7604656923 37.9735555003 40.0627530364 20.9858585859
995.7 546.1 995.257663261 546.160684521 62.5466650075 27.5262054507 50.3524211209 42.2913043478 24.2565217391
996.7 596.1 981.352733638 596.348478533 125.367788762 27.9018623143 88.8924823806 44.4459770115 27.8050458716
1003.4 652.2 950.689546268 652.30871812 129.485521472 28.2760606642 90.021483644 44.6704805492 30.3881278539
975.6 711.2 915.411681914 711.279031003 138.219321478 30.1932493879 92.9571334359 44.4752941176 33.896713615
993.3 750.5 899.411439207 750.708530147 137.484292874 35.5014169028 94.3393511989 44.7020785219 35.2235023041
997.3 797.8 880.531711385 797.689209832 140.031981656 69.4381915903 109.469682453 44.5435779817 37.1811926606
1009.0 831.5 870.181826893 819.570693243 143.312328767 174.475748503 157.121393035 44.4909502262 38.0225733634
1000.2 888.4 851.999432114 824.352398381 154.856198943 174.431067961 163.941740698 44.8502304147 40.6
1001.5 959.2 833.849854295 824.054982818 168.468034065 174.653525398 171.480278137 44.7852193995 43.1866359447
1003.7 1010.9 825.788463296 824.140586077 174.16241466 174.055436847 174.10868658 44.3858447489 44.7397260274
994.4 1043.9 823.766021585 834.711918618 174.942251816 167.732937685 171.23128892 43.0553097345 44.7433628319
1006.9 1098.1 824.858345659 843.916913947 174.13008227 160.385533104 166.901588378 41.5690376569 44.6317991632
997.1 1149.2 822.934959536 857.860904906 174.949837212 151.171949852 162.064019001 39.898 44.712
989.1 1197.2 824.803687661 870.655731082 174.051734632 142.798678585 156.671475658 38.2217973231 44.6195028681
994.6 1253.5 822.946976488 877.340332458 175.051886792 137.390540167 153.663548471 37.0145454545 44.66
1056.9 95.4 1056.63584104 95.4318106035 11.0379191847 18.5816993464 11.664928292 34.1676923077 9.33179723502
1054.0 152.9 1054.05855881 153.11691563 11.5921939681 20.5032894737 12.7126460552 34.0880989181 9.69860896445
1052.1 198.9 1052.12922581 199.320788331 11.778255675 23.8613366646 13.7183833116 33.6898148148 10.0030864198
1044.2 247.2 1044.22900636 247.289298913 11.9096335204 27.5992943548 14.9140044397 34.3433070866 10.4811320755
1049.6 292.3 1049.42509582 292.421842434 13.9288188224 28.0294985251 17.04262051 35.2434640523 11.7467320261
1046.9 355.3 1047.13269615 355.388847212 19.8649068323 28.7158336246 22.1192023502 36.5847750865 13.8442906574
1052.2 401.5 1052.46311578 401.555771635 27.4040680385 28.9542503864 27.8348221955 39.0148698885 16.126394052
1068.9 448.3 1068.95938663 448.412103026 67.3264290673 30.6291538676 56.575145218 42.4512195122 19.0243902439
1057.5 503.9 1049.5120472 503.858011832 108.703813009 28.9379534651 83.1324189926 44.7772925764 22.6949891068
1057.7 557.8 1015.79831933 557.877482984 113.188571429 27.6780542986 84.1038091574 44.5413043478 25.1717391304
1066.3 604.0 988.509772616 603.949670861 117.572249684 27.2692626346 85.3416869964 44.4463519313 27.1008583691
1034.3 635.8 967.79123564 635.694050992 123.909815586 28.6975054017 87.9935536455 44.4646017699 28.9402654867
1058.2 692.9 941.482341893 692.996249479 123.58997151 28.168094804 86.8866760168 44.6341991342 31.1688311688
1059.5 736.8 921.86102719 736.779533902 128.33896178 36.1702270816 91.0892590075 44.7445887446 32.9200863931
1032.2 796.2 888.614678241 796.288476497 135.838784775 73.44144427 109.271639596 44.5508849558 36.1371681416
1046.0 857.3 871.263304026 822.350119904 141.992134063 175.138635376 156.589282297 44.6564551422 38.0043668122
1038.4 878.6 863.693914329 822.980251346 146.650930393 174.911136108 159.357124795 44.6997792494 38.9713656388
1050.3 942.9 849.623620879 825.476034143 156.609592924 173.788109363 164.646895553 44.5676855895 40.8013100437
1034.8 995.7 832.092919366 823.611047286 168.980618366 174.887706999 171.865297208 44.7142857143 43.3950892857
1049.1 1053.2 823.218100179 821.671289875 174.895447837 174.851224743 174.873273715 44.5448577681 44.7483588621
1064.6 1111.6 824.100116114 833.630530789 174.258693714 168.632594635 171.375482258 43.3208333333 44.8520833333
1051.0 1142.3 824.996729318 843.146823037 174.155485041 160.657301066 167.069229113 41.7379032258 44.7580645161
1053.8 1188.0 824.659261353 852.342706818 173.914946418 154.586534692 163.572132781 40.5241779497 44.6293436293
1050.6 1250.4 822.798964475 865.195663873 174.726459937 146.365123371 159.113801699 38.8623853211 44.752293578
1108.6 97.7 1108.16904537 97.8168367773 10.772404464 19.9884318766 11.5154938336 37.9523809524 9.33169129721
1108.6 150.0 1108.8772193 150.233696862 11.4701651871 22.7423986486 12.7938113657 37.8828382838 9.60461285008
1101.2 205.4 1099.06293319 205.428531741 11.6879609668 26.2436453813 13.9398618838 37.170212766 9.96895424837
1105.2 246.0 1105.29210768 246.041006834 13.2312380093 27.9569230769 15.8873369716 38.0944350759 10.7790893761
1081.3 298.4 1081.1798689 298.474618655 14.9197830102 29.1177209887 17.9865170573 37.2084745763 11.9728813559
1098.6 338.6 1098.56948418 338.741142143 18.7464436099 30.3860036832 21.4939141019 39.5688405797 13.8152173913
1111.9 391.4 1111.28262077 391.410872524 48.5103673653 31.4282958199 44.0773531375 42.9130434783 16.4565217391
1094.0 447.4 1088.76786554 447.449716635 89.7400503202 30.656267566 72.6517639408 44.6155462185 19.6352201258
1101.9 493.9 1061.93012984 493.968606751 103.887256002 29.1592242919 81.0664692589 44.7903563941 21.690376569
1097.6 545.8 1026.94076981 545.815161532 109.623542601 27.6701859077 82.7296075921 44.6729559748 24.2012578616
1115.9 602.6 996.438138704 602.817684164 112.563719612 27.2871287129 83.0778831752 44.3795918367 26.1040816327
1097.1 646.4 973.013722254 646.417956054 116.432023836 27.8993600931 84.3226668542 44.6694560669 28.410041841
1115.6 700.8 947.565118913 700.897346854 119.502099257 30.4315808108 85.8189181952 44.6454918033 30.3353783231
1110.6 744.3 928.142628317 744.444753146 121.314834693 32.3625230666 86.6061399489 44.7958762887 32.1172839506
1100.5 802.5 901.823313833 802.522292286 126.977238403 96.5053430386 114.466458956 44.5797101449 34.5061983471
1090.3 842.4 885.283172068 822.790167671 133.228990228 174.636538462 150.756543519 44.5762004175 36.1125
1085.3 907.4 865.547186531 823.080024189 145.261295591 174.797891037 158.437160777 44.7215189873 38.5852631579
1101.2 949.0 859.640905543 823.546427538 150.274394167 174.298019169 161.234971722 44.6583333333 39.6041666667
1100.6 1002.0 844.97238276 822.603817473 159.33054752 174.831856287 166.650342137 44.7531380753 41.510460251
1105.1 1060.0 831.63175718 822.626541347 168.819189765 174.977476468 171.821623689 44.8284518828 43.3152400835
1110.0 1109.4 823.69674108 821.541119842 174.343096678 175.147920204 174.745529793 44.6203319502 44.7074688797
1101.5 1140.6 822.850739765 831.223304115 174.728586724 170.175241819 172.406758317 43.5303643725 44.7024291498
1099.2 1212.1 824.34847822 847.194501611 174.246269458 158.226633502 165.77534399 41.2371916509 44.6888045541
1101.1 1241.3 821.069638345 852.313560938 175.429275083 155.620095069 164.838648595 40.6444444444 44.6074074074
1160.2 96.8 1159.58799522 96.9831904709 11.0196036422 21.10546875 11.7863010987 41.2604166667 9.37954939341
1139.8 144.5 1138.85095754 144.528102687 11.338028169 24.2082616179 12.7870361399 39.3131313131 9.49158249158
1150.9 199.5 1151.34774635 199.516626386 12.0079296111 27.352244389 14.2847363552 41.0472027972 10.0734265734
1162.6 241.2 1161.88995614 241.293836492 13.0732415573 29.4017951426 15.8364903503 41.4857651246 10.7793594306
1156.5 299.6 1155.88994697 299.766536965 18.1847402597 32.5710084034 21.1313253012 42.7182835821 12.6163873371
1152.5 350.8 1151.95602077 350.84872899 49.3125405405 33.4148820327 45.6642232403 44.0215686275 14.8196078431
1152.9 396.7 1123.98851758 396.744082676 91.0835669614 32.316875 76.0079365079 44.7609561753 16.9423459245
1144.7 449.5 1096.39759485 449.712364172 96.714068771 29.954607978 77.8350707951 44.7076612903 19.2193158954
1138.8 493.8 1062.39601959 494.239323843 100.261804883 28.7440385591 78.9669159302 44.6338028169 21.2032193159
1146.2 559.6 1026.77980441 559.631090616 105.386242824 27.3952815491 80.1748327218 44.7590361446 24.0360721443
1167.4 597.9 1007.07867053 598.365395307 105.7781324 27.6226335717 80.09545863 44.3996101365 25.0914396887
1137.3 651.4 974.944636266 651.436190899 113.130981303 27.502396013 82.7084581858 44.6116700201 27.9859437751
1156.4 698.4 954.759993578 698.4 113.909175067 29.1382694023 82.9089189013 44.3607843137 29.3294117647
1154.2 744.3 935.416479063 744.40338936 116.025659374 33.592742616 84.9302858598 44.6541501976 31.2603550296
1140.6 802.5 909.468648254 802.477708953 122.532589609 87.5098525989 108.535222622 44.618762475 33.6015936255
1144.3 861.1 891.662337662 821.464345337 129.364251307 175.378257739 148.497724823 44.609561753 35.5427435388
1157.8 901.8 881.648193587 823.039675498 134.458960121 174.916394336 151.684271552 44.7027559055 36.4263261297
1153.0 952.6 870.772845515 823.751531311 143.296036585 174.77515623 157.256094112 44.6640159046 38.296222664
1140.4 1003.3 854.463337982 822.620538866 153.583410422 175.017359033 163.484846809 44.6935483871 40.2837022133
1143.7 1047.1 843.315650411 822.024990732 160.457731325 175.081240768 167.392079741 44.7505030181 41.5963855422
1135.3 1115.4 826.440732802 822.987846119 172.681757106 174.853885135 173.756306471 44.6951219512 44.0995934959
1146.1 1146.2 823.808002556 821.272615091 174.69896654 174.923336056 174.811283152 44.6861167002 44.7806841046
1169.8 1207.2 821.376606659 829.389873853 174.9293684 170.553878689 172.702558583 43.7586206897 44.8084291188
1139.2 1248.7 824.544613776 845.112046924 174.031404448 159.493065828 166.37129774 41.4162062615 44.6924493554
1204.5 99.9 1196.19310345 100.161532891 11.1132114451 21.2969924812 11.8887298406 43.8743267504 9.32616487455
1190.0 141.9 1184.86558248 141.994663109 11.1704592902 25.0862676056 12.6456700261 42.9181494662 9.55871886121
1198.8 198.3 1194.45351637 198.338565832 11.6640714212 30.904494382 14.4075656431 43.7622504537 9.99274047187
1198.8 244.2 1191.15674422 244.301792414 15.1019246689 31.6376360809 17.8533597861 43.6838235294 11.0788990826
1199.1 303.6 1192.27752306 303.625302109 55.5083723349 33.7881972514 51.0633633882 44.5391969407 12.8435114504
1202.3 352.6 1161.92316985 352.717572524 81.1490042307 32.9326479972 70.2779731458 44.6915708812 14.8448275862
1190.8 402.8 1129.82104736 402.844760529 86.6594729197 31.509573811 72.7906182044 44.6305609284 16.8803088803
1191.7 447.1 1098.50975572 447.174529088 91.8482041782 30.3426966292 75.356556451 44.7181467181 18.8378378378
1211.4 500.0 1069.30168694 500.055561729 93.7368316042 28.6414714034 75.273065104 44.7718631179 20.8652751423
1203.8 547.2 1040.74927954 547.230401689 98.0529311895 28.6709766798 77.1038761852 44.7015209125 22.5958254269
1207.2 603.5 1008.54470771 603.432951894 102.868324581 27.7130165289 78.5094086922 44.3834586466 24.8157894737
1200.4 638.7 992.202782752 638.735485305 105.636228288 28.4328767123 79.6560421469 44.4640151515 26.1852551985
1193.3 704.0 957.768711123 704.156479218 111.184325397 29.6701940035 81.8392380952 44.5942857143 28.9505703422
1202.4 750.8 941.172377805 750.674887519 112.038957235 33.9971770176 83.1427693064 44.6571969697 30.550094518
1193.3 808.2 916.044012282 808.155102494 117.822209154 89.3371771218 106.733046029 44.3636363636 32.6268939394
1193.7 857.4 901.567187664 822.51179151 123.143456212 175.179327341 144.070662313 44.6533333333 34.2585551331
1195.1 900.9 890.407500155 823.826458037 129.930900243 174.594027001 148.531235802 44.4676806084 35.4573055028
1203.3 962.8 876.934288838 822.886446191 138.107518579 175.056198139 154.153917554 44.6996197719 37.320683112
1211.1 993.4 871.939683619 824.436350224 142.107594937 174.698763037 156.499089643 44.6597353497 38.0472589792
1201.8 1042.1 857.764824838 823.179883267 151.083091507 174.996680403 162.035650624 44.6736641221 39.7786259542
1212.8 1101.6 845.975586127 823.386761897 158.66319212 174.800600021 166.273623042 44.8231939163 41.3738140417
1200.2 1136.8 834.470238325 823.30409592 166.424755637 174.410660893 170.291333866 44.8442307692 42.7946257198
1208.3 1197.6 823.840909091 822.904260192 173.994424685 174.561584005 174.276634792 44.7705544933 44.393129771
1196.5 1247.1 822.760873302 832.355667618 174.935232909 168.667469656 171.725517176 43.3037037037 44.7407407407
1251.3 100.6 1199.39293892 100.602794522 11.0845028662 22.4668304668 11.9320343944 43.9739583333 9.36631944444
1245.3 151.2 1198.9730149 151.410292072 11.0909271589 25.1611018364 12.5877808365 44.1842105263 9.54290718039
1269.2 202.8 1199.71642379 202.80563349 12.4901408451 28.5854410857 14.6796743874 44.09375 10.1649305556
1254.3 252.0 1199.2988234 252.091032873 15.2468466693 31.8553981436 18.0346863469 44.4883303411 11.2258064516
1239.5 305.4 1190.61849618 305.510323172 55.944256083 33.443627451 51.5292561718 44.5388888889 13.0574074074
1239.3 346.7 1166.49148953 346.709630823 76.7626142233 33.7212696096 67.5521898665 44.6790352505 14.4111111111
1248.9 402.7 1132.73203668 402.73356113 84.2645616788 31.2644882861 71.4738878143 44.7679558011 16.4466911765
1261.0 445.8 1106.86855387 445.874312385 85.7253811487 30.6370579915 71.7797192781 44.6381818182 18.0689655172
1228.7 494.4 1071.90423109 494.468676205 93.4933018125 28.4119425548 75.2008356349 44.7369402985 20.3668528864
1237.8 556.2 1037.74569166 556.339084771 96.2112988894 27.3796839729 75.5874196821 44.7648148148 22.8484288355
1258.2 591.2 1021.42744391 591.41356601 97.8133989402 27.380792619 75.9125643868 44.5840867993 23.7364620939
1254.2 652.4 992.399498868 652.418122726 100.824880472 28.2824074074 77.1001829538 44.609800363 26.1234119782
1254.6 688.9 975.562131456 688.957413118 103.83881825 28.9728211633 78.3571384521 44.3772563177 27.3718411552
1244.1 760.5 943.711414063 760.204364969 108.459512468 39.1894492369 83.5082163131 44.7915904936 30.0565693431
1266.3 799.0 934.155737705 799.022195061 109.525568182 83.8430277649 99.9872688519 44.4303571429 30.8946428571
1272.1 842.1 919.73811054 822.564102564 113.270429426 174.689894955 136.596505029 44.5266903915 32.1385435169
1251.2 900.4 901.982458248 823.578433864 123.45262283 174.548219888 144.080511041 44.7176684882 34.3418181818
1244.6 951.1 888.647362158 824.593598728 131.453624535 173.991074844 149.387356878 44.5274725275 35.9012797075
1251.3 998.9 877.506574462 823.457751317 138.20877193 174.577200577 154.005275253 44.7093235832 37.2262773723
1256.4 1041.3 867.563057447 821.718544498 144.590796363 175.205354078 158.224475239 44.799270073 38.4207650273
1226.6 1102.6 848.368876081 823.108825481 157.218248726 174.86411299 165.487314481 44.6760299625 40.9850187266
1268.5 1156.8 844.759332569 822.580836313 159.846817398 174.610791149 166.834815878 44.7059891107 41.4855072464
1241.1 1206.4 829.396695749 823.746751892 170.829293306 174.596531792 172.682033545 44.748603352 43.7690875233
1252.4 1248.3 822.729512235 821.415123654 174.701945238 175.390801407 175.045721147 44.778597786 44.6740331492
