100.0 100.0 100.1001001 100.1001001 10.4618272841 9.77221526909 10.1170212766 7 7
100.0 150.0 100.1001001 150.100066711 11.4730913642 9.49874895746 10.2882882883 6 8
100.0 200.0 100.1001001 200.100050025 10.6257822278 5.25703564728 7.04587155963 5 10
100.0 250.0 100.1001001 250.097260046 11.2991239049 8.6168084042 9.38277340958 4 11
100.0 300.0 100.1001001 300.100033344 13.5581977472 9.83784910379 10.7673545966 4 12
100.0 350.0 100.1001001 350.097249236 14.5744680851 8.73071428571 10.0280633509 4 13
100.0 400.0 100.1001001 400.100025006 17.6520650814 8.62769615505 10.4312156078 4 14
100.0 450.0 100.1001001 450.100022227 16.832290363 7.86357321478 9.49295134152 3 16
100.0 500.0 100.1001001 500.09724113 16.7246558198 8.0880220055 9.52626094206 3 17
100.0 550.0 100.1001001 550.091681947 18.634543179 7.94772727273 9.59011348336 3 18
100.0 600.0 100.1001001 600.100016669 18.8210262829 7.76265888727 9.34101464809 3 19
100.0 650.0 100.1001001 650.090290318 19.0725907384 8.20711538462 9.65427571262 3 20
100.0 700.0 100.1001001 700.097235727 494.801001252 8.08215752813 68.8649577993 3 22
100.0 750.0 100.1001001 750.083342594 1083.53942428 8.12166666667 134.501838506 3 23
100.0 800.0 96.512157851 800.088898767 2044.27784731 8.16815127364 234.182550709 3 25
100.0 850.0 94.2951438001 850.094454939 2271.69211514 8.32563612296 246.339563043 3 26
100.0 900.0 89.7263346792 900.100011112 2609.87734668 8.34379774969 268.236934234 3 28
100.0 950.0 85.7469512195 950.079173264 2828.46808511 8.29447368421 276.578640314 3 30
100.0 1000.0 82.0718584716 1000.08334028 3007.49561952 8.438 280.769746562 3 32
100.0 1050.0 77.3212483086 1050.08750729 3234.9824781 8.48738095238 288.731927383 3 35
100.0 1100.0 74.1488331857 1100.09167431 3387.43429287 8.70473917491 289.972181705 3 37
100.0 1150.0 70.2247191011 1150.09584132 3580.38107098 8.69891304348 295.418974308 3 40
100.0 1200.0 100.1001001 1200.0 31.3366708385 9.5446875 11.219059525 4 43
100.0 1250.0 100.1001001 1199.77604181 31.9399249061 8.80643564356 10.5023396642 4 47
150.0 100.0 150.100066711 100.1001001 9.57798165138 11.4580725907 10.3298298298 8 6
150.0 150.0 150.100066711 150.100066711 10.6080066722 9.80316930776 10.20558799 7 7
150.0 200.0 150.100066711 200.100050025 10.8915763136 10.1031894934 10.4410293066 7 9
150.0 250.0 150.100066711 250.097260046 11.9282735613 9.97898949475 10.7098186366 6 10
150.0 300.0 150.100066711 300.100033344 13.4528773978 10.1804918716 11.2709838799 6 11
150.0 350.0 150.100066711 350.097249236 17.6271893244 9.06785714286 11.6341585396 5 13
150.0 400.0 150.100066711 400.100025006 15.8432026689 9.26695842451 11.059799909 5 14
150.0 450.0 150.100066711 450.100022227 18.0100083403 7.90330647402 10.4289287203 5 15
150.0 500.0 150.100066711 500.09724113 17.9274395329 9.51637909477 11.4565217391 5 16
150.0 550.0 150.100066711 550.091681947 17.9666388657 9.52477272727 11.3325593856 5 17
150.0 600.0 150.100066711 600.100016669 18.1526271893 7.52719316524 9.65121707236 5 19
150.0 650.0 150.100066711 650.090290318 19.3536280234 9.40480769231 11.2689482732 5 20
150.0 700.0 150.100066711 700.097235727 21.2151793161 9.36595820682 11.4558693733 5 22
150.0 750.0 150.100066711 750.083342594 22.3327773144 9.27583333333 11.4504792332 5 23
150.0 800.0 150.100066711 800.088898767 24.3402835696 9.0987654321 11.5039484075 5 25
150.0 850.0 150.100066711 850.094454939 22.41117598 9.45344903662 11.3959739935 5 27
150.0 900.0 150.100066711 900.100011112 24.4979149291 9.13696346715 11.3300785901 5 29
150.0 950.0 150.100066711 950.079173264 18.5170975813 9.32460526316 10.5772246846 5 31
150.0 1000.0 150.100066711 1000.08334028 900.190158465 9.643125 125.717251875 5 33
150.0 1050.0 144.717800289 1050.08750729 1417.41951626 9.92738095238 185.735597458 5 35
150.0 1100.0 136.646591427 1100.09167431 1681.81734779 9.94010683032 210.438287658 5 38
150.0 1150.0 129.776496035 1150.09584132 1823.02251877 10.0443478261 219.07991153 5 41
150.0 1200.0 150.100066711 1199.90000833 34.247706422 10.8811334514 13.4757362475 6 45
150.0 1250.0 150.100066711 1199.96800085 37.1576313595 10.1036633663 12.9745110187 6 49
200.0 100.0 200.100050025 100.1001001 6.10819262039 12.0100125156 8.07464553795 10 5
200.0 150.0 200.100050025 150.100066711 10.9205753596 11.9032527106 11.3416726233 9 7
200.0 200.0 200.100050025 200.100050025 12.0700437774 11.9799874922 12.0250156348 8 8
200.0 250.0 200.100050025 250.097260046 15.0531582239 11.3456728364 12.9933296276 8 10
200.0 300.0 200.100050025 300.100033344 16.1225766104 12.1446436015 13.7356178089 7 11
200.0 350.0 200.100050025 350.097249236 14.3183239525 10.7228571429 12.0297794953 7 12
200.0 400.0 200.100050025 400.100025006 15.3664790494 10.761487965 12.2961650688 7 13
200.0 450.0 200.100050025 450.100022227 17.4121325829 9.93414837455 12.2345132743 6 15
200.0 500.0 200.100050025 500.09724113 17.4071294559 9.96999249812 12.0943193998 6 16
200.0 550.0 200.100050025 550.091681947 17.6003752345 10.065 12.073512252 6 17
200.0 600.0 200.100050025 600.100016669 18.6429018136 9.91581579496 12.0969052829 6 19
200.0 650.0 200.100050025 650.090290318 19.6641651032 10.1146153846 12.3604941903 6 20
200.0 700.0 200.100050025 700.097235727 20.9312070044 10.0935881407 12.5011114198 6 22
200.0 750.0 200.100050025 750.083342594 20.9824890557 10.1823333333 12.45492828 6 23
200.0 800.0 200.100050025 800.088898767 22.2176360225 10.0851695577 12.5107526882 6 25
200.0 850.0 200.100050025 850.094454939 21.1932457786 9.95705250772 12.0964515361 6 27
200.0 900.0 200.100050025 900.100011112 24.9199499687 10.144464509 12.8298476927 6 29
200.0 950.0 200.100050025 950.079173264 25.339587242 10.9984210526 13.4912490488 7 31
200.0 1000.0 200.100050025 1000.08334028 26.6610381488 10.98675 13.5977706011 7 34
200.0 1050.0 198.867559729 1050.08750729 807.639774859 10.9870238095 138.384538454 7 37
200.0 1100.0 188.77323615 1100.09167431 1156.53721076 11.0402318445 187.194268128 7 40
200.0 1150.0 179.694519317 1150.09584132 1266.45153221 11.1435869565 197.016112603 7 43
200.0 1200.0 200.100050025 1199.96666759 43.8273921201 11.9929159287 16.5386676192 8 47
200.0 1250.0 195.99836668 1199.90400768 1032.1644778 11.1089216754 150.67703881 8 52
250.0 100.0 250.097260046 100.1001001 7.96498249125 12.0337922403 9.12687634024 11 4
250.0 150.0 250.097260046 150.100066711 9.98949474737 11.9157631359 10.7116948093 10 6
250.0 200.0 250.097260046 200.100050025 10.8219109555 11.234521576 11.0052807115 10 8
250.0 250.0 250.097260046 250.097260046 11.7568784392 12.4122061031 12.0845422711 9 9
250.0 300.0 250.097260046 300.100033344 12.7988994497 12.2905377241 12.5216007276 9 10
250.0 350.0 250.097260046 350.097249236 13.8149074537 10.9814285714 12.1617003542 8 12
250.0 400.0 250.097260046 400.100025006 14.8644322161 10.8158799625 12.372835706 8 13
250.0 450.0 250.097260046 450.100022227 15.6183091546 11.8427340928 13.1909610575 8 14
250.0 500.0 250.097260046 500.09724113 13.9124562281 8.96074018505 10.6110370123 8 16
250.0 550.0 250.097260046 550.091681947 17.2931465733 11.3484090909 13.2055008595 8 17
250.0 600.0 250.097260046 600.100016669 18.3061530765 10.4730152115 12.7764048249 8 19
250.0 650.0 250.097260046 650.090290318 18.4607303652 11.3546153846 13.3278233088 8 20
250.0 700.0 250.097260046 700.097235727 19.6193096548 11.2502232542 13.452092656 8 22
250.0 750.0 250.097260046 750.083342594 20.5657828914 11.5246666667 13.7840980123 8 23
250.0 800.0 250.097260046 800.088898767 21.1370685343 10.940146898 13.3673493689 8 25
250.0 850.0 250.097260046 850.094454939 23.1870935468 11.5156640682 14.1675380768 8 27
250.0 900.0 250.097260046 900.100011112 25.6713356678 11.7078760939 14.7425527289 8 30
250.0 950.0 250.097260046 950.079173264 28.0180090045 11.4046052632 14.8643608709 8 32
250.0 1000.0 250.097260046 1000.08334028 26.6483241621 12.224125 15.1078107811 9 35
250.0 1050.0 249.972225308 1050.08750729 532.656328164 12.2247619048 112.267333397 9 38
250.0 1100.0 237.90013481 1100.09167431 894.80090045 12.358108876 175.721985553 9 41
250.0 1150.0 250.097260046 1150.09584132 40.8569284642 13.2129347826 18.1473345834 10 45
250.0 1200.0 245.298446443 1200.0 745.956478239 13.2121875 139.49512889 10 49
250.0 1250.0 236.46252069 1199.93600341 910.060030015 13.0285148515 161.236300521 11 55
300.0 100.0 300.100033344 100.1001001 8.07044601917 15.5581977472 9.94121325829 12 4
300.0 150.0 300.100033344 150.100066711 10.1871613172 13.2393661384 11.2042801556 11 6
300.0 200.0 300.100033344 200.100050025 12.9258024177 11.535959975 12.3699349675 11 7
300.0 250.0 300.100033344 250.097260046 12.2947061276 12.8054027014 12.5268303774 10 9
300.0 300.0 300.100033344 300.100033344 12.2634431013 12.3088786995 12.2861609004 10 10
300.0 350.0 300.100033344 350.097249236 14.1959149646 12.8703571429 13.4820157723 10 11
300.0 400.0 300.100033344 400.100025006 14.5410587745 12.5473585495 13.4017506252 10 13
300.0 450.0 300.100033344 450.100022227 15.6811171321 12.0850236177 13.5233411137 9 14
300.0 500.0 300.100033344 500.09724113 15.5739891622 14.9909977494 15.209596749 9 15
300.0 550.0 300.100033344 550.091681947 17.7161317216 12.0018181818 14.0180908957 9 17
300.0 600.0 300.100033344 600.100016669 17.9737390579 11.471764951 13.6387885524 9 19
300.0 650.0 300.100033344 650.090290318 19.1771571488 12.045 14.296617976 9 20
300.0 700.0 300.100033344 700.097235727 20.2609420592 11.9446329702 14.4391097774 9 22
300.0 750.0 300.100033344 750.083342594 21.3555648187 12.6188333333 15.1142993213 10 24
300.0 800.0 300.100033344 800.088898767 21.6390162568 13.0012501953 15.3565583087 10 26
300.0 850.0 300.100033344 850.094454939 23.942892872 12.7226062656 15.6490541422 10 28
300.0 900.0 300.100033344 900.100011112 24.2521884118 12.2203083762 15.2276515941 10 30
300.0 950.0 300.100033344 950.079173264 29.5506461025 12.7321052632 16.7672767277 10 33
300.0 1000.0 300.100033344 1000.08334028 27.5223009587 13.48725 16.7250697182 11 36
300.0 1050.0 296.190659024 1050.08750729 599.330554398 13.5641666667 143.692286323 11 39
300.0 1100.0 300.100033344 1100.09167431 34.7115464777 14.2088873736 18.6012680836 12 43
300.0 1150.0 297.602645357 1150.09584132 594.276365152 14.2710869565 134.232520045 12 47
300.0 1200.0 286.441756843 1199.83335648 730.086285952 15.0472916667 158.007417285 13 52
300.0 1250.0 296.956198961 1199.93600341 601.788661942 14.6764036043 127.373019683 14 58
350.0 100.0 350.097249236 100.1001001 8.68357142857 14.7146433041 10.0225062517 13 4
350.0 150.0 350.097249236 150.100066711 9.55928571429 16.845704754 11.743935984 13 5
350.0 200.0 350.097249236 200.100050025 10.7635714286 14.3527204503 12.0681973176 12 7
350.0 250.0 350.097249236 250.097260046 11.2246428571 14.915957979 12.7622421338 12 8
350.0 300.0 350.097249236 300.100033344 12.9407142857 12.6990412672 12.8291979227 11 10
350.0 350.0 350.097249236 350.097249236 13.5710714286 13.4982142857 13.5346428571 11 11
350.0 400.0 350.097249236 400.100025006 15.4185714286 12.0643951235 13.6299383231 11 13
350.0 450.0 350.097249236 450.100022227 15.2603571429 13.3123089747 14.1647132364 11 14
350.0 500.0 350.097249236 500.09724113 15.9092857143 13.4421105276 14.4581556111 11 15
350.0 550.0 350.097249236 550.091681947 17.0432142857 13.2563636364 14.7290277778 11 17
350.0 600.0 350.097249236 600.100016669 18.5282142857 11.3371535737 13.9868403737 11 19
350.0 650.0 350.097249236 650.090290318 18.9542857143 13.3728846154 15.326375 11 20
350.0 700.0 350.097249236 700.097235727 20.2064285714 13.1073405965 15.4739849982 11 22
350.0 750.0 350.097249236 750.083342594 21.3185714286 13.265 15.8275 11 24
350.0 800.0 350.097249236 800.088898767 22.0071428571 14.0637599625 16.4815740841 12 26
350.0 850.0 350.097249236 850.094454939 23.9196428571 13.8076187675 16.7572663819 12 29
350.0 900.0 350.097249236 900.100011112 25.5903571429 14.072648979 17.297929793 12 31
350.0 950.0 350.097249236 950.079173264 26.3639285714 14.6959210526 17.8373076923 13 34
350.0 1000.0 350.097249236 1000.08334028 109.135 14.758 39.2261111111 13 37
350.0 1050.0 350.097249236 1050.08750729 30.6485714286 15.3964285714 19.2094642857 14 41
350.0 1100.0 350.097249236 1100.09167431 338.099642857 15.323786794 93.2419174067 14 45
350.0 1150.0 334.040296925 1150.09584132 612.787142857 16.0889130435 155.3185 15 50
350.0 1200.0 341.639326482 1199.96666759 571.886785714 16.4901552245 141.912412291 16 56
350.0 1250.0 326.011022277 1199.84002133 634.283831909 16.4051485149 150.818174775 17 62
400.0 100.0 400.100025006 100.1001001 9.43763676149 15.5193992491 10.6530765383 14 4
400.0 150.0 400.100025006 150.100066711 9.30572053767 15.8740617181 11.0964074579 14 5
400.0 200.0 400.100025006 200.100050025 10.7499218506 14.521575985 12.0068778658 13 7
400.0 250.0 400.100025006 250.097260046 12.2050640825 15.0175087544 13.286648711 13 8
400.0 300.0 400.100025006 300.100033344 12.5767427321 14.5935806586 13.4410503751 13 10
400.0 350.0 400.100025006 350.097249236 11.0850265708 16.7521428571 13.7301216869 13 11
400.0 400.0 400.100025006 400.100025006 12.0497030322 12.0481400438 12.048921538 12 12
400.0 450.0 400.100025006 450.100022227 15.4063769928 14.2970269519 14.8190644307 12 14
400.0 500.0 400.100025006 500.09724113 16.8618318224 13.9357339335 15.2361767158 12 15
400.0 550.0 400.100025006 550.091681947 17.2394498281 13.8625 15.2841163311 12 17
400.0 600.0 400.100025006 600.100016669 18.061894342 14.0566784747 15.6586646662 13 19
400.0 650.0 400.100025006 650.090290318 19.243513598 14.3430769231 16.2095487558 13 21
400.0 700.0 400.100025006 700.097235727 21.3551109722 14.7144132881 17.1290065924 13 23
400.0 750.0 400.100025006 750.083342594 21.761487965 14.3015 16.895749538 13 25
400.0 800.0 400.100025006 800.088898767 22.4754610816 15.1737771527 17.6074182121 14 27
400.0 850.0 400.100025006 850.094454939 24.5723663645 14.8139432269 17.9362872575 14 30
400.0 900.0 400.100025006 900.100011112 26.0556423882 15.5345186832 18.7713983458 14 32
400.0 950.0 400.100025006 950.079173264 25.5292278837 15.9307894737 18.7741457542 15 36
400.0 1000.0 400.100025006 1000.08334028 29.2063144733 16.477125 20.113224395 16 39
400.0 1050.0 400.100025006 1050.08750729 236.04188809 16.4335714286 77.0014656436 16 43
400.0 1100.0 383.549968038 1100.09167431 517.252266333 17.0596658711 150.424904151 17 48
400.0 1150.0 400.100025006 1150.09584132 233.07971241 18.6583695652 73.9800790386 19 53
400.0 1200.0 394.369283015 1200.03333426 449.062832135 19.2521095947 126.687998125 20 60
400.0 1250.0 392.391955965 1199.93600341 484.149421694 19.4269306931 131.21332431 22 68
450.0 100.0 450.100022227 100.1001001 7.92358988608 16.7409261577 9.52546612096 16 3
450.0 150.0 450.100022227 150.100066711 10.5384829119 13.3394495413 11.2384326803 15 5
450.0 200.0 450.100022227 200.100050025 9.95304251181 17.2414008755 12.1950750289 15 6
450.0 250.0 450.100022227 250.097260046 11.7913309253 15.5512756378 13.1339764202 14 8
450.0 300.0 450.100022227 300.100033344 11.9841622673 15.6260942059 13.4408136045 14 9
450.0 350.0 450.100022227 350.097249236 13.3156432342 15.2992857143 14.183622441 14 11
450.0 400.0 450.100022227 400.100025006 14.3292581273 15.3648015005 14.8165636952 14 12
450.0 450.0 450.100022227 450.100022227 16.5912753543 12.5962767435 14.5937760489 14 14
450.0 500.0 450.100022227 500.09724113 16.731036399 15.0190047512 15.8299552514 14 16
450.0 550.0 450.100022227 550.091681947 17.0716865796 15.1856818182 16.0342542818 14 17
450.0 600.0 450.100022227 600.100016669 18.2861906085 14.2806834757 15.9972612527 14 19
450.0 650.0 450.100022227 650.090290318 20.6040566824 15.5321153846 17.6066598477 15 21
450.0 700.0 450.100022227 700.097235727 20.7991108641 15.6449365958 17.6616655795 15 23
450.0 750.0 450.100022227 750.083342594 21.0980828008 15.5563333333 17.6341285551 15 25
450.0 800.0 450.100022227 800.088898767 24.5554320645 16.235974371 19.2307461492 16 28
450.0 850.0 450.100022227 850.094454939 25.1436510142 16.1304603618 19.2501442585 16 31
450.0 900.0 450.100022227 900.100011112 26.5229230342 16.8949854146 20.1040007409 17 34
450.0 950.0 450.100022227 950.079173264 27.9872186719 17.6931578947 21.0013394053 18 37
450.0 1000.0 450.100022227 1000.08334028 31.4854126146 17.25725 21.6720406932 19 41
450.0 1050.0 450.100022227 1050.08750729 33.3712142262 18.8042857143 23.1735144595 20 46
450.0 1100.0 450.100022227 1100.09167431 153.146985274 19.8879418116 58.5715437974 21 51
450.0 1150.0 439.679739449 1150.09584132 424.547929981 20.1839130435 133.888585046 22 57
450.0 1200.0 433.909200482 1199.96666759 443.233676021 21.4626523596 136.476587362 24 65
450.0 1250.0 445.654865066 1199.90400768 388.96749097 22.1347524752 118.509015257 27 74
500.0 100.0 500.09724113 100.1001001 7.69717429357 17.74718398 9.37077949145 17 3
500.0 150.0 500.09724113 150.100066711 9.23505876469 17.0041701418 11.0271258176 16 5
500.0 200.0 500.09724113 200.100050025 9.91422855714 17.4121325829 12.055912826 16 6
500.0 250.0 500.09724113 250.097260046 8.61190297574 19.9234617309 12.3817939313 16 8
500.0 300.0 500.09724113 300.100033344 9.49337334334 18.5802417674 12.9005939356 15 9
500.0 350.0 500.09724113 350.097249236 13.3538384596 15.8335714286 14.3750551552 15 11
500.0 400.0 500.09724113 400.100025006 13.9262315579 16.8605814317 15.2303417616 15 12
500.0 450.0 500.09724113 450.100022227 14.5466366592 16.7691025285 15.5993682548 16 14
500.0 500.0 500.09724113 500.09724113 15.9964991248 16.3748437109 16.1856714179 16 16
500.0 550.0 500.09724113 550.091681947 16.2445611403 16.4793181818 16.3675437552 16 17
500.0 600.0 500.09724113 600.100016669 18.1437859465 16.3715357366 17.1770857013 16 19
500.0 650.0 500.09724113 650.090290318 19.4441110278 16.3465384615 17.6931188173 16 21
500.0 700.0 500.09724113 700.097235727 20.9407351838 16.8001428827 18.5253177745 17 24
500.0 750.0 500.09724113 750.083342594 22.2950737684 16.8466666667 19.0257025703 17 26
500.0 800.0 500.09724113 800.088898767 23.7976994249 17.3716205657 19.8430467398 18 29
500.0 850.0 500.09724113 850.094454939 24.608152038 18.1041329607 20.5128727542 19 32
500.0 900.0 500.09724113 900.100011112 26.8842210553 18.7678844284 21.6663689945 20 35
500.0 950.0 500.09724113 950.079173264 26.4068517129 19.4252631579 21.8323131304 21 39
500.0 1000.0 500.09724113 1000.08334028 31.5046261565 20.162 23.9422451871 22 44
500.0 1050.0 500.09724113 1050.08750729 192.680420105 20.4907142857 76.0263730946 23 49
500.0 1100.0 500.09724113 1100.09167431 56.3893473368 21.7316740539 32.5611814346 25 55
500.0 1150.0 498.145790668 1150.09584132 309.174043511 23.2197826087 109.857489204 27 62
500.0 1200.0 497.127706584 1199.93333704 312.023255814 25.0868840504 109.471245771 30 71
500.0 1250.0 487.501015627 1199.96800085 373.71767942 25.2222772277 124.068515498 33 83
550.0 100.0 550.091681947 100.1001001 7.98590909091 18.846057572 9.65493364108 18 3
550.0 150.0 550.091681947 150.100066711 9.42772727273 17.1909924937 11.0901946776 17 5
550.0 200.0 550.091681947 200.100050025 10.0625 17.559724828 12.0608434739 17 6
550.0 250.0 550.091681947 250.097260046 11.3406818182 17.3491745873 13.2176902641 17 8
550.0 300.0 550.091681947 300.100033344 11.9956818182 17.0033347228 13.7626121488 17 9
550.0 350.0 550.091681947 350.097249236 13.4084090909 16.9125 14.7711111111 17 11
550.0 400.0 550.091681947 400.100025006 13.9027272727 17.2247577368 15.3012238452 17 12
550.0 450.0 550.091681947 450.100022227 15.1725 17.0386218394 16.0121265158 17 14
550.0 500.0 550.091681947 500.09724113 16.4227272727 16.5153788447 16.4668412906 17 16
550.0 550.0 550.091681947 550.091681947 17.1679545455 17.1659090909 17.1669318182 18 18
550.0 600.0 550.091681947 600.100016669 18.6802272727 17.7491143988 18.1944776606 18 20
550.0 650.0 550.091681947 650.090290318 19.6209090909 18.0969230769 18.7954166667 19 22
550.0 700.0 550.091681947 700.097235727 20.8643181818 18.1337738882 19.3353335334 19 24
550.0 750.0 550.091681947 750.083342594 22.4922727273 18.592 20.2421153846 20 27
550.0 800.0 550.091681947 800.088898767 24.0325 19.122675418 21.1231595518 21 30
550.0 850.0 550.091681947 850.094454939 25.7263636364 19.881158994 22.177694437 22 33
550.0 900.0 550.091681947 900.100011112 27.3513636364 19.1961383525 22.2897663592 23 37
550.0 950.0 550.091681947 950.079173264 30.1263636364 21.1452631579 24.4383333333 24 41
550.0 1000.0 550.091681947 1000.08334028 33.4829545455 22.12475 26.1550806452 26 47
550.0 1050.0 550.091681947 1050.08750729 75.5695454545 22.8385714286 40.96484375 27 52
550.0 1100.0 550.091681947 1100.09167431 139.147954545 24.4672121832 62.6970225017 30 60
550.0 1150.0 550.091681947 1150.09584132 220.598409091 26.6729347826 89.4135294118 33 68
550.0 1200.0 541.990583598 1199.93333704 315.009772727 28.4465625 118.509285714 36 79
550.0 1250.0 539.671291123 1199.93600341 324.691818182 29.7762154669 119.274018898 41 94
600.0 100.0 600.100016669 100.1001001 8.38153782038 17.972465582 9.75044658807 19 3
600.0 150.0 600.100016669 150.100066711 11.3936236716 17.175145955 12.5493497833 19 5
600.0 200.0 600.100016669 200.100050025 9.92852677641 18.6328955597 12.1039387309 19 6
600.0 250.0 600.100016669 250.097260046 11.9404042509 18.4132066033 13.8437775816 19 8
600.0 300.0 600.100016669 300.100033344 12.1685767868 17.379741559 13.9053903862 19 9
600.0 350.0 600.100016669 350.097249236 15.3707022296 18.4317857143 16.4986182392 19 11
600.0 400.0 600.100016669 400.100025006 14.8293394457 18.0693966865 16.1252813203 19 13
600.0 450.0 600.100016669 450.100022227 15.8685142738 18.2636843568 16.894974994 19 14
600.0 500.0 600.100016669 500.09724113 16.3640341738 18.1050262566 17.1553762219 19 16
600.0 550.0 600.100016669 550.091681947 17.7622421338 18.6886363636 18.2053484074 20 18
600.0 600.0 600.100016669 600.100016669 19.0891852469 19.1477391123 19.1184621796 20 20
600.0 650.0 600.100016669 650.090290318 20.6670139612 18.9475 19.7727772777 21 23
600.0 700.0 600.100016669 700.097235727 21.2658887268 19.8230041079 20.4889401808 22 25
600.0 750.0 600.100016669 750.083342594 23.6303396541 19.8196666667 21.5131030651 22 28
600.0 800.0 600.100016669 800.088898767 24.473431965 21.0350054696 22.5085729595 24 31
600.0 850.0 600.100016669 850.094454939 29.1229422796 21.5721429622 24.6964993964 25 35
600.0 900.0 600.100016669 900.100011112 29.0595957491 22.0908459508 24.878229705 26 39
600.0 950.0 600.100016669 950.079173264 34.0520941863 23.1426315789 27.3651100895 28 44
600.0 1000.0 600.100016669 1000.08334028 36.0525109398 24.459875 28.8065473865 30 50
600.0 1050.0 600.100016669 1050.08750729 40.8947697437 26.1794047619 31.5297371013 33 57
600.0 1100.0 600.100016669 1100.09167431 43.1754532194 28.2457097397 33.5147080453 36 65
600.0 1150.0 600.100016669 1150.09584132 164.050635549 30.5104347826 76.2893778127 40 76
600.0 1200.0 594.026731203 1199.96666759 271.013127735 34.1118866549 113.073482428 45 90
600.0 1250.0 591.052127514 1199.90400768 275.118149615 35.577029703 112.733740519 52 109
650.0 100.0 650.090290318 100.1001001 8.21730769231 18.719649562 9.61610268378 20 3
650.0 150.0 650.090290318 150.100066711 9.40942307692 19.3794829024 11.2775433662 20 5
650.0 200.0 650.090290318 200.100050025 10.0717307692 19.6072545341 12.3143109281 20 6
650.0 250.0 650.090290318 250.097260046 11.2192307692 19.4472236118 13.5039588832 20 8
650.0 300.0 650.090290318 300.100033344 12.1 19.0725302209 14.3012238452 20 9
650.0 350.0 650.090290318 350.097249236 13.3198076923 18.8710714286 15.26275 20 11
650.0 400.0 650.090290318 400.100025006 14.3405769231 19.3013441701 16.2300273842 21 13
650.0 450.0 650.090290318 450.100022227 15.9882692308 17.5648791331 16.6331401296 21 15
650.0 500.0 650.090290318 500.09724113 16.3840384615 19.4008502126 17.6955103816 21 16
650.0 550.0 650.090290318 550.091681947 18.0140384615 19.6397727273 18.7591666667 22 19
650.0 600.0 650.090290318 600.100016669 18.8761538462 19.9139404043 19.3742374237 23 21
650.0 650.0 650.090290318 650.090290318 20.3796153846 20.3326923077 20.3561538462 23 23
650.0 700.0 650.090290318 700.097235727 22.0486538462 20.8908733702 21.4483748495 24 26
650.0 750.0 650.090290318 750.083342594 23.9013461538 21.4205 22.5723214286 25 29
650.0 800.0 650.090290318 800.088898767 24.2759615385 21.4741365838 22.7302353651 27 33
650.0 850.0 650.090290318 850.094454939 28.2119230769 23.0713340197 25.299108259 28 37
650.0 900.0 650.090290318 900.100011112 30.9246153846 23.6909292957 26.7246552141 30 42
650.0 950.0 650.090290318 950.079173264 33.9459615385 25.5969736842 28.98875 32 47
650.0 1000.0 650.090290318 1000.08334028 37.9521153846 27.283 31.4859848485 35 54
650.0 1050.0 650.090290318 1050.08750729 41.5275 29.8110714286 34.2908823529 39 62
650.0 1100.0 650.090290318 1100.09167431 159.432115385 31.975906353 79.3201657261 43 73
650.0 1150.0 650.090290318 1150.09584132 139.104807692 35.724673913 73.0563888889 49 86
650.0 1200.0 650.090290318 1199.90000833 121.473461538 40.6139181165 69.0259476992 57 104
650.0 1250.0 643.582056712 1199.84002133 240.156153846 41.3633663366 108.926928105 62 118
700.0 100.0 700.097235727 100.1001001 8.08751562779 531.540675845 73.4577993123 22 3
700.0 150.0 700.097235727 150.100066711 9.32863011252 20.3361134279 11.2700794351 22 5
700.0 200.0 700.097235727 200.100050025 10.0130380425 20.832395247 12.4165045846 22 6
700.0 250.0 700.097235727 250.097260046 11.489194499 20.4427213607 13.8448275862 22 8
700.0 300.0 700.097235727 300.100033344 11.8696195749 20.3343059608 14.4086021505 22 9
700.0 350.0 700.097235727 350.097249236 13.3198785497 20.3625 15.6676985355 22 11
700.0 400.0 700.097235727 400.100025006 14.8712270048 19.6942794623 16.6249147534 23 13
700.0 450.0 700.097235727 450.100022227 15.6674406144 19.9599888858 17.3470319635 23 15
700.0 500.0 700.097235727 500.09724113 16.6938739061 20.9719929982 18.4763492394 24 17
700.0 550.0 700.097235727 550.091681947 18.0859081979 20.9597727273 19.3505350535 24 19
700.0 600.0 700.097235727 600.100016669 19.8828362208 21.2633882059 20.5200038469 25 22
700.0 650.0 700.097235727 650.090290318 20.8430076799 22.1267307692 21.4611538105 26 24
700.0 700.0 700.097235727 700.097235727 22.8260403644 22.4738346133 22.6499374888 27 27
700.0 750.0 700.097235727 750.083342594 25.3536345776 24.8633333333 25.1000086214 29 31
700.0 800.0 700.097235727 800.088898767 27.0728701554 25.1981559619 26.0730121687 31 35
700.0 850.0 700.097235727 850.094454939 29.5593856046 25.8277687895 27.5129859655 33 40
700.0 900.0 700.097235727 900.100011112 32.4424004286 25.9701347409 28.8016877637 35 45
700.0 950.0 700.097235727 950.079173264 36.479728523 28.7292105263 32.0169709827 38 52
700.0 1000.0 700.097235727 1000.08334028 40.9274870513 30.81525 34.9786749026 42 60
700.0 1050.0 699.494809304 1050.08750729 159.188069298 33.7742857143 83.9344238874 46 70
700.0 1100.0 700.097235727 1100.09167431 53.0141096624 37.5398340721 43.557369079 53 83
700.0 1150.0 700.097235727 1150.09584132 91.1252009287 42.3506521739 60.8038380972 61 100
700.0 1200.0 686.311890626 1199.83335648 221.137167351 46.4828125 110.821896177 66 114
700.0 1250.0 675.675675676 1199.87201365 227.399821906 44.8641584158 110.08450525 65 115
750.0 100.0 750.083342594 100.1001001 8.23916666667 1149.36170213 142.34078541 23 3
750.0 150.0 750.083342594 150.100066711 9.074 17.7906588824 10.5257674677 23 5
750.0 200.0 750.083342594 200.100050025 10.1456666667 21.0312695435 12.4362416107 23 6
750.0 250.0 750.083342594 250.097260046 11.432 20.7073536768 13.7499687461 23 8
750.0 300.0 750.083342594 300.100033344 12.6651666667 21.3101292205 15.1344207644 24 10
750.0 350.0 750.083342594 350.097249236 13.3036666667 21.3342857143 15.8588636364 24 11
750.0 400.0 750.083342594 400.100025006 14.4173333333 21.7811816193 16.9781497989 25 13
750.0 450.0 750.083342594 450.100022227 15.6071666667 22.0941928313 18.039379102 25 15
750.0 500.0 750.083342594 500.09724113 16.8336666667 22.2355588897 18.9940994099 26 17
750.0 550.0 750.083342594 550.091681947 18.5571666667 22.5727272727 20.2560576923 27 20
750.0 600.0 750.083342594 600.100016669 19.7195 23.6726401334 21.4762478007 28 22
750.0 650.0 750.083342594 650.090290318 21.2056666667 23.7023076923 22.3648214286 29 25
750.0 700.0 750.083342594 700.097235727 21.8811666667 24.2811216289 23.0396585913 31 29
750.0 750.0 750.083342594 750.083342594 25.52 26.168 25.844 33 33
750.0 800.0 750.083342594 800.088898767 27.1413333333 26.6197843413 26.8721671103 35 37
750.0 850.0 750.083342594 850.094454939 30.805 28.1728195323 29.4067505274 37 42
750.0 900.0 750.083342594 900.100011112 34.2466666667 30.0836227254 31.9760587923 41 49
750.0 950.0 750.083342594 950.079173264 38.6311666667 32.6217105263 35.2729411765 45 57
750.0 1000.0 750.083342594 1000.08334028 43.1215 35.679625 38.869 50 66
750.0 1050.0 750.083342594 1050.08750729 81.3923333333 38.9895238095 56.6573611111 56 79
750.0 1100.0 749.313129631 1100.09167431 154.536333333 44.1526309808 88.9058044462 65 96
750.0 1150.0 742.370085235 1150.09584132 190.742666667 48.1054347826 104.409605263 71 109
750.0 1200.0 720.21126197 1185.21770145 203.258823529 55.6854503944 112.51687831 69 111
750.0 1250.0 697.836706211 1199.87201365 215.320823045 47.1312871287 110.29984544 67 113
800.0 100.0 800.088898767 96.4940495336 8.10204719487 2061.86483104 236.075993331 25 3
800.0 150.0 800.088898767 150.100066711 9.49554617909 23.4178482068 11.6925506712 25 5
800.0 200.0 800.088898767 200.100050025 10.1303328645 22.1851156973 12.5403850963 25 6
800.0 250.0 800.088898767 250.097260046 11.3714642913 22.5752876438 14.0383424625 25 8
800.0 300.0 800.088898767 300.100033344 12.6424441319 25.6015006253 16.1760627415 26 10
800.0 350.0 800.088898767 350.097249236 13.9898421628 22.0767857143 16.451353408 26 12
800.0 400.0 800.088898767 400.100025006 15.1473667761 22.5561112848 17.6166909773 27 14
800.0 450.0 800.088898767 450.100022227 16.1728395062 22.5621005835 18.4727945589 28 16
800.0 500.0 800.088898767 500.09724113 17.3572433193 23.7854463616 19.8294864397 29 18
800.0 550.0 800.088898767 550.091681947 19.1561181435 24.0936363636 21.1678859154 30 21
800.0 600.0 800.088898767 600.100016669 20.9899984373 24.5782454678 22.5277728166 31 24
800.0 650.0 800.088898767 650.090290318 22.4889826535 24.0548076923 23.1909647383 33 27
800.0 700.0 800.088898767 700.097235727 24.8270042194 26.8531880693 25.7725454242 35 31
800.0 750.0 800.088898767 750.083342594 27.077043288 27.4126666667 27.2394547947 37 35
800.0 800.0 800.088898767 800.088898767 29.7038599781 29.7548054383 29.7293327082 40 40
800.0 850.0 800.088898767 850.094454939 33.1117362088 31.3679952934 32.2134414305 43 46
800.0 900.0 800.088898767 900.100011112 37.3081731521 34.5360466731 35.8405647889 48 54
800.0 950.0 800.088898767 950.079173264 42.0564150649 37.1161842105 39.3743838846 53 63
800.0 1000.0 800.088898767 1000.08334028 48.5211751836 40.951 44.3152302243 60 75
800.0 1050.0 800.088898767 1050.08750729 57.2498827942 47.0751190476 51.474626664 70 91
800.0 1100.0 797.298045512 1100.09167431 133.02156587 50.9728378225 85.5188182656 76 104
800.0 1150.0 775.841168072 1129.97434358 177.695950156 67.9024575078 112.922207319 74 106
800.0 1200.0 753.473039793 1151.17115677 187.207360445 63.0353681171 112.711846582 72 108
800.0 1250.0 731.595793324 1173.49466712 197.990158388 58.3936557975 112.902846163 70 110
850.0 100.0 850.094454939 93.9408172851 8.32063538756 2313.59324155 250.74137931 26 3
850.0 150.0 850.094454939 150.100066711 9.41197234887 21.7497914929 11.2615653913 27 5
850.0 200.0 850.094454939 200.100050025 10.3204883071 24.3051907442 12.9832102882 27 6
850.0 250.0 850.094454939 250.097260046 11.4852184145 23.2026013007 14.1475335303 27 8
850.0 300.0 850.094454939 300.100033344 12.708780703 24.0612755315 15.6697108067 28 10
850.0 350.0 850.094454939 350.097249236 13.8796881894 24.0035714286 16.8327950828 29 12
850.0 400.0 850.094454939 400.100025006 15.0076481836 24.4651453579 18.0337067413 30 14
850.0 450.0 850.094454939 450.100022227 16.1413443153 25.1817171437 19.2704366224 31 16
850.0 500.0 850.094454939 500.09724113 18.1479629357 25.847211803 20.9993517318 32 19
850.0 550.0 850.094454939 550.091681947 19.945138991 25.6609090909 22.190820609 33 22
850.0 600.0 850.094454939 600.100016669 22.671422268 24.7770368827 23.5426797724 35 25
850.0 650.0 850.094454939 650.090290318 23.1416384762 28.2555769231 25.3578631553 37 28
850.0 700.0 850.094454939 700.097235727 25.8370348581 29.4993748884 27.4909662849 40 33
850.0 750.0 850.094454939 750.083342594 28.2038535079 30.8796666667 29.4582389249 42 37
850.0 800.0 850.094454939 800.088898767 31.3484335932 33.0787623066 32.1873768753 46 43
850.0 850.0 850.094454939 850.094454939 35.6267098103 35.707456979 35.6670833946 51 51
850.0 900.0 850.094454939 900.100011112 41.136049419 39.616196694 40.3544077725 56 60
850.0 950.0 850.094454939 950.079173264 46.4494778644 43.1653947368 44.7160913952 64 71
850.0 1000.0 850.094454939 1000.08334028 55.3571113399 48.655625 51.7344415163 74 87
850.0 1050.0 850.094454939 1050.08750729 62.918517429 53.0344047619 57.4558852556 81 99
850.0 1100.0 819.716046076 1086.24094799 159.22521205 77.8593272171 113.372183571 78 102
850.0 1150.0 804.268404868 1101.56187638 165.218017756 74.2213370653 112.911819307 77 104
850.0 1200.0 786.814430074 1118.62036821 173.105583756 70.5306959106 113.003302907 75 105
850.0 1250.0 765.382691346 1140.39533705 182.034731229 65.4818911511 112.626173127 73 107
900.0 100.0 900.100011112 89.8652021967 8.35241005695 2599.7359199 267.231557889 28 3
900.0 150.0 900.100011112 150.100066711 9.82178080289 23.7814845705 11.8148368659 29 5
900.0 200.0 900.100011112 200.100050025 10.2014168635 25.3577235772 12.9560127302 29 6
900.0 250.0 900.100011112 250.097260046 11.6570356994 25.1065532766 14.5800173951 30 8
900.0 300.0 900.100011112 300.100033344 12.2016946798 24.3772405169 15.2449468639 30 10
900.0 350.0 900.100011112 350.097249236 14.0005556327 25.3142857143 17.1687168717 31 12
900.0 400.0 900.100011112 400.100025006 15.5410473677 25.865270397 18.7173494903 32 14
900.0 450.0 900.100011112 450.100022227 16.870815391 26.3923312031 20.0443600667 34 17
900.0 500.0 900.100011112 500.09724113 18.8116405056 26.8372093023 21.6777103054 35 20
900.0 550.0 900.100011112 550.091681947 19.8970690374 30.0334090909 23.7422191568 37 23
900.0 600.0 900.100011112 600.100016669 22.0662592027 29.1558658054 24.9019836639 39 26
900.0 650.0 900.100011112 650.090290318 23.6688428948 30.8719230769 26.689733043 42 30
900.0 700.0 900.100011112 700.097235727 26.5074315877 32.3497053045 29.0633692764 45 35
900.0 750.0 900.100011112 750.083342594 30.7821919711 34.3146666667 32.3879839382 49 41
900.0 800.0 900.100011112 800.088898767 34.571884984 37.4388185654 35.9210177967 54 48
900.0 850.0 900.100011112 850.094454939 37.7869148493 40.9694072658 39.3326903843 60 56
900.0 900.0 900.100011112 900.100011112 44.4667314905 46.2490623698 45.3578969301 68 68
900.0 950.0 900.100011112 950.079173264 53.6413390749 50.5492105263 52.0533819853 78 83
900.0 1000.0 896.960301201 1000.08334028 124.402972635 55.267375 88.0134219357 85 95
900.0 1050.0 874.470324688 1030.87160467 138.887366819 91.832364456 113.553525805 83 97
900.0 1100.0 851.712625851 1053.21950052 146.959037801 86.1659914472 113.532454675 81 99
900.0 1150.0 830.322134235 1074.79425738 154.780921143 80.5292544657 113.128525141 79 101
900.0 1200.0 807.677925963 1097.03141268 163.813340579 75.4453627181 113.347511945 77 103
900.0 1250.0 786.808810316 1119.59793994 172.748074064 70.2795751316 113.2083121 75 105
950.0 100.0 950.079173264 85.6021876115 8.26039473684 2833.37922403 277.015001786 30 3
950.0 150.0 950.079173264 150.100066711 10.0047368421 29.6080066722 12.6759859075 31 5
950.0 200.0 950.079173264 200.100050025 10.9742105263 24.5265791119 13.329927166 31 7
950.0 250.0 950.079173264 250.097260046 11.5965789474 29.1420710355 15.2504427545 32 8
950.0 300.0 950.079173264 300.100033344 12.7102631579 28.5981659025 16.5221522152 33 10
950.0 350.0 950.079173264 350.097249236 14.6128947368 26.3667857143 17.7774038462 34 13
950.0 400.0 950.079173264 400.100025006 15.5835526316 28.5311034698 19.4190202797 36 15
950.0 450.0 950.079173264 450.100022227 17.6635526316 27.9013614893 20.9536565765 37 18
950.0 500.0 950.079173264 500.09724113 19.9017105263 30.7854463616 23.6541081128 39 21
950.0 550.0 950.079173264 550.091681947 21.0944736842 30.1195454545 24.4036666667 41 24
950.0 600.0 950.079173264 600.100016669 23.5317105263 32.1356532611 26.8618436971 44 28
950.0 650.0 950.079173264 650.090290318 25.5256578947 33.6403846154 28.822265625 47 32
950.0 700.0 950.079173264 700.097235727 28.8605263158 35.858010359 31.8288506705 52 38
950.0 750.0 950.079173264 750.083342594 32.7177631579 39.1165 35.5407352941 57 45
950.0 800.0 950.079173264 800.088898767 37.2301315789 42.3059853102 39.5503250232 63 53
950.0 850.0 950.079173264 850.094454939 43.1897368421 46.3466686277 44.6803944718 71 64
950.0 900.0 950.079173264 900.100011112 50.5325 53.6364772885 52.0424352997 83 78
950.0 950.0 950.079173264 950.079173264 60.1664473684 70.3230263158 65.2447368421 90 90
950.0 1000.0 930.333777645 973.551841636 120.279868852 107.288466319 113.609661158 88 92
950.0 1050.0 897.002124479 1008.40336134 131.3443476 97.8302844329 113.772277228 85 95
950.0 1100.0 875.710554617 1030.23050107 138.593786408 91.9083585096 113.553114872 83 97
950.0 1150.0 854.359230577 1054.23987777 146.302858614 85.7560196037 113.170125933 81 99
950.0 1200.0 841.970506413 1063.5940616 150.793559148 83.3430568216 113.099620762 80 100
950.0 1250.0 820.301256836 1085.59297501 158.897907095 78.0527896164 112.937279736 78 102
1000.0 100.0 1000.08334028 82.143020125 8.48875 3005.08135169 280.596658711 32 3
1000.0 150.0 1000.08334028 150.100066711 9.718 907.080900751 126.680508751 33 5
1000.0 200.0 1000.08334028 200.100050025 11.002 26.6685428393 13.6117303886 34 7
1000.0 250.0 1000.08334028 250.097260046 12.212125 27.0925462731 15.1870187019 35 9
1000.0 300.0 1000.08334028 300.100033344 13.47475 27.5252188412 16.7161265506 36 11
1000.0 350.0 1000.08334028 350.097249236 14.72375 64.0346428571 27.5080555556 37 13
1000.0 400.0 1000.08334028 400.100025006 16.5035 29.337292904 20.1694794178 39 16
1000.0 450.0 1000.08334028 450.100022227 16.949 32.4581828286 21.7612725235 41 19
1000.0 500.0 1000.08334028 500.09724113 19.5255 31.7249312328 23.5912992749 44 22
1000.0 550.0 1000.08334028 550.091681947 22.145875 33.4504545455 26.1571774194 47 26
1000.0 600.0 1000.08334028 600.100016669 24.44325 36.3158991457 28.8949136651 50 30
1000.0 650.0 1000.08334028 650.090290318 27.295375 37.8538461538 31.4547727273 54 35
1000.0 700.0 1000.08334028 700.097235727 30.818625 40.7772816574 34.9188175601 60 42
1000.0 750.0 1000.08334028 750.083342594 35.66575 43.236 38.9101428571 66 50
1000.0 800.0 1000.08334028 800.088898767 41.038875 48.6474449133 44.4201680672 75 60
1000.0 850.0 1000.08334028 850.094454939 48.700625 54.9892631269 51.589769579 87 74
1000.0 900.0 1000.08334028 897.531787584 54.909875 120.887206556 86.160010527 95 85
1000.0 950.0 975.345434842 930.106064727 106.970500373 120.127325124 113.380967577 92 88
1000.0 1000.0 954.046748291 952.935570967 113.254052716 113.329541239 113.291810985 90 90
1000.0 1050.0 931.267299584 975.232198142 120.176231527 106.818543667 113.328231905 88 92
1000.0 1100.0 908.265213442 996.101119356 127.393018983 100.916444444 113.510748616 86 94
1000.0 1150.0 886.524822695 1019.05183872 134.969763472 94.7994287528 113.461399037 84 96
1000.0 1200.0 864.055299539 1041.16456184 142.635580888 89.1126135217 113.421403393 82 98
1000.0 1250.0 843.032105473 1063.2014176 150.379584942 83.5070911722 113.22023267 80 100
1050.0 100.0 1050.08750729 77.1423061264 8.44023809524 3240.56946183 289.174149364 35 3
1050.0 150.0 1050.08750729 144.876988705 10.0113095238 1403.66889074 184.091467861 35 5
1050.0 200.0 1050.08750729 198.949986184 10.8776190476 788.261413383 135.193719372 37 7
1050.0 250.0 1050.08750729 249.993055748 12.2277380952 532.84192096 112.305413982 38 9
1050.0 300.0 1050.08750729 296.475238827 13.506547619 598.676531888 143.502176127 39 11
1050.0 350.0 1050.08750729 350.097249236 15.3975 31.1303571429 19.3307142857 41 14
1050.0 400.0 1050.08750729 400.100025006 16.4896428571 206.219443576 68.8170531942 43 16
1050.0 450.0 1050.08750729 450.100022227 19.1157142857 33.3320366769 23.3797816485 46 20
1050.0 500.0 1050.08750729 500.09724113 21.030952381 180.357589397 72.4179369304 49 23
1050.0 550.0 1050.08750729 550.091681947 22.9120238095 96.4429545455 48.18828125 52 27
1050.0 600.0 1050.08750729 600.100016669 26.6454761905 37.9031048135 30.7386165619 57 33
1050.0 650.0 1050.08750729 650.090290318 29.8336904762 41.5296153846 34.3056617647 62 39
1050.0 700.0 1050.08750729 700.097235727 33.1876190476 174.68547955 89.7806986213 70 46
1050.0 750.0 1050.08750729 750.083342594 39.0333333333 105.624 66.7794444444 79 56
1050.0 800.0 1050.08750729 800.088898767 46.9623809524 57.1442412877 51.3649570917 91 70
1050.0 850.0 1050.08750729 850.094454939 53.7033333333 76.2332695985 63.7816961642 99 81
1050.0 900.0 1032.7586678 876.054510058 91.788040894 138.021823204 113.173971377 97 83
1050.0 950.0 1007.73127166 897.472905241 97.838820059 130.856548857 113.552408633 95 85
1050.0 1000.0 974.60358386 930.208521744 107.202766057 120.2317433 113.561682467 92 88
1050.0 1050.0 952.668985332 951.973203717 113.863821849 113.54430085 113.703949668 90 90
1050.0 1100.0 930.2554511 973.570989551 120.429200974 107.250442282 113.682798438 88 92
1050.0 1150.0 908.763072485 995.934470399 127.541108545 101.066350711 113.694904985 86 94
1050.0 1200.0 886.262924668 1018.84389519 134.767065043 94.7914991961 113.43990565 84 96
1050.0 1250.0 863.565749794 1040.65491883 142.591771429 89.1538461538 113.554088608 82 98
1100.0 100.0 1100.09167431 74.0984686316 8.712126378 3386.88110138 289.932902688 37 3
1100.0 150.0 1100.09167431 136.76425894 9.91726332538 1682.00250209 210.440388078 38 5
1100.0 200.0 1100.09167431 189.016066366 11.0277304239 1153.49030644 186.715137526 40 7
1100.0 250.0 1100.09167431 238.051154548 12.3191271735 894.730865433 175.677255047 41 9
1100.0 300.0 1100.09167431 300.100033344 14.3027616775 34.593997499 18.6498481872 43 12
1100.0 350.0 1100.09167431 350.097249236 15.4390271622 274.906071429 78.0744029658 45 14
1100.0 400.0 1100.09167431 384.522951214 17.1263779975 517.044388872 150.418403067 48 17
1100.0 450.0 1100.09167431 450.100022227 19.6626889419 252.996110031 87.3967575415 51 21
1100.0 500.0 1100.09167431 500.09724113 21.8735083532 98.1552888222 45.7093295827 55 25
1100.0 550.0 1100.09167431 550.091681947 24.3637913399 119.576363636 56.1037199788 60 30
1100.0 600.0 1100.09167431 600.100016669 28.2232071826 42.7778703897 33.3598323283 65 36
1100.0 650.0 1100.09167431 650.090290318 32.0703489033 161.371153846 80.0997928423 73 43
1100.0 700.0 1100.09167431 700.097235727 37.7459938629 52.9623146991 43.6632171135 83 53
1100.0 750.0 1100.09167431 750.083342594 44.1538811229 136.125 81.4419893236 96 65
1100.0 800.0 1100.09167431 796.394104471 51.1602454824 160.443975621 97.1733122779 104 76
1100.0 850.0 1084.96123181 818.794819651 78.3108138744 159.402658098 113.746122918 102 78
1100.0 900.0 1051.65316691 853.013190111 86.3958145815 146.581159022 113.499690785 99 81
1100.0 950.0 1030.79365906 874.635568513 91.933662035 138.730585347 113.668126988 97 83
1100.0 1000.0 998.059329082 907.05233188 100.902259824 127.561613692 113.608285265 94 86
1100.0 1050.0 975.369458128 929.774935432 107.01505924 120.377808663 113.546277951 92 88
1100.0 1100.0 953.389830508 952.472580335 113.335830762 113.357504401 113.346674741 90 90
1100.0 1150.0 930.932342846 974.851653009 120.379057018 107.051969824 113.564134162 88 92
1100.0 1200.0 908.090258668 996.286986001 127.467365204 101.039831865 113.681006578 86 94
1100.0 1250.0 886.97755678 1018.09954751 134.936276642 95.2520574163 113.827649394 84 96
1150.0 100.0 1150.09584132 70.287789449 8.68391304348 3581.19551681 295.470558832 40 3
1150.0 150.0 1150.09584132 130.004574235 9.98663043478 1818.67139283 218.527166074 41 5
1150.0 200.0 1150.09584132 179.636236621 11.2230434783 1267.20262664 197.195018057 43 7
1150.0 250.0 1150.09584132 250.097260046 13.1229347826 49.8299149575 19.6750602732 45 10
1150.0 300.0 1150.09584132 297.315898142 14.2955434783 550.120883702 125.119320631 47 12
1150.0 350.0 1150.09584132 335.097470812 16.0931521739 610.433928571 154.772666667 50 15
1150.0 400.0 1150.09584132 400.100025006 18.6134782609 210.128477649 68.0252439713 53 19
1150.0 450.0 1150.09584132 440.337048111 20.1640217391 427.27785496 134.64192515 57 22
1150.0 500.0 1150.09584132 499.029664541 23.1413043478 286.84096024 103.036366391 62 27
1150.0 550.0 1150.09584132 549.67935371 26.7161956522 197.373181818 81.92875 68 33
1150.0 600.0 1150.09584132 600.100016669 30.5485869565 219.536153365 95.3354525323 76 40
1150.0 650.0 1150.09584132 650.090290318 35.7675 120.726730769 66.4472222222 86 49
1150.0 700.0 1150.09584132 700.097235727 42.3870652174 98.2432577246 63.5194945604 100 61
1150.0 750.0 1150.09584132 741.55451799 48.8595652174 191.386 105.12 109 71
1150.0 800.0 1128.71125167 774.860094705 68.0098495508 177.763983841 113.073811802 106 74
1150.0 850.0 1103.70567849 805.093664492 73.9158586512 165.163054545 112.742650244 104 77
1150.0 900.0 1072.98362015 829.004938208 81.0618512574 155.284408675 113.691112977 101 79
1150.0 950.0 1054.64272067 852.506418725 85.9407936847 146.71852518 113.513579671 99 81
1150.0 1000.0 1019.20236337 885.73959256 94.8731604023 134.675909036 113.398064297 96 84
1150.0 1050.0 996.102208748 908.479138627 101.043097998 127.393034252 113.623919388 94 86
1150.0 1100.0 975.471831484 930.123311803 107.104450976 120.415625685 113.617306455 92 88
1150.0 1150.0 954.224865164 951.833544086 113.248327759 113.675187813 113.46193609 90 90
1150.0 1200.0 931.174089069 975.411501727 120.397337217 106.975784753 113.542775714 88 92
1150.0 1250.0 908.811520393 996.45704163 127.456447437 101.024106717 113.689330025 86 94
1200.0 100.0 1199.73339258 100.1001001 9.54677083333 32.0826032541 11.27829599 43 4
1200.0 150.0 1199.96666759 150.100066711 10.9129166667 34.4086738949 13.5216223724 45 6
1200.0 200.0 1199.86668148 200.100050025 12.0699927091 45.6823014384 16.86875 47 8
1200.0 250.0 1199.80003333 245.051324639 13.1663541667 816.818909455 151.669799121 49 10
1200.0 300.0 1199.66675923 286.624203822 15.0894698469 730.719466444 158.155833333 52 13
1200.0 350.0 1199.80003333 341.50968966 16.493125 587.304642857 145.386048387 56 16
1200.0 400.0 1199.90000833 394.347683207 19.1734375 466.010940919 130.856629424 60 20
1200.0 450.0 1199.86668148 434.491082205 21.4913541667 442.734092804 136.352526707 65 24
1200.0 500.0 1199.96666759 496.866977669 25.1485416667 302.328082021 106.657548349 71 30
1200.0 550.0 1199.76671203 541.442205146 28.3548958333 320.569772727 120.193857143 79 36
1200.0 600.0 1199.96666759 593.325092707 33.6191269924 268.382371327 111.868106681 90 45
1200.0 650.0 1199.90000833 650.090290318 40.52625 74.9261538462 52.6127027027 104 57
1200.0 700.0 1199.66675923 687.435211959 45.8975 220.862947781 110.438366971 114 66
1200.0 750.0 1186.16144975 718.79242872 55.8075444248 203.998180314 112.982193005 111 69
1200.0 800.0 1152.58397588 754.26236807 63.0567654041 187.384555985 112.860183123 108 72
1200.0 850.0 1120.21574525 786.147364094 70.1912624346 172.818970503 112.776804464 105 75
1200.0 900.0 1095.75142676 808.262236192 75.7115894715 163.609497965 113.436233403 103 77
1200.0 950.0 1064.53759148 841.452612932 83.3469615502 150.694259354 113.106222751 100 80
1200.0 1000.0 1041.74202416 864.864864865 88.9357835218 142.401235315 113.244149551 98 82
1200.0 1050.0 1019.54120646 884.251894825 95.0247410238 135.197523788 113.798296368 96 84
1200.0 1100.0 996.286986001 908.319379774 101.168703667 127.364686649 113.714934489 94 86
1200.0 1150.0 976.205003051 930.567106476 106.985235435 120.203905682 113.461045239 92 88
1200.0 1200.0 954.71723132 953.3056757 113.43937587 113.352311049 113.395800238 90 90
1200.0 1250.0 929.89215834 976.138828633 120.690695145 106.79888003 113.60249891 88 92
1250.0 100.0 1199.77604181 100.1001001 8.77178217822 32.9924906133 10.5473896688 47 4
1250.0 150.0 1199.90400768 150.100066711 10.1381324884 37.3361134279 13.0245176137 49 6
1250.0 200.0 1199.90400768 196.308313112 11.5964356436 958.255159475 140.984186683 52 8
1250.0 250.0 1199.90400768 236.319714316 13.355049505 911.457728864 161.739813208 55 11
1250.0 300.0 1199.93600341 295.429055995 14.4733663366 627.861609004 132.204256341 58 14
1250.0 350.0 1199.96800085 326.585625049 16.3707297752 635.158514816 150.729224806 62 17
1250.0 400.0 1199.84002133 393.195532862 18.952970297 472.23913723 127.988420182 68 22
1250.0 450.0 1199.90400768 446.514704666 22.1603960396 366.285079189 112.568800642 74 27
1250.0 500.0 1199.84002133 487.092060399 25.2538613861 376.883220805 124.989006313 83 33
1250.0 550.0 1199.80803072 538.951494366 29.8947524752 322.791363636 118.773724138 94 41
1250.0 600.0 1199.87201365 592.446309553 35.6227349242 279.650760575 114.229963754 109 52
1250.0 650.0 1200.0 643.192875402 41.5383168317 234.227307692 107.027385621 118 62
1250.0 700.0 1199.90400768 675.024108004 44.7413861386 227.078288656 110.024788661 115 65
1250.0 750.0 1199.87201365 696.594427245 47.1599009901 215.740971766 110.586030138 113 67
1250.0 800.0 1175.61001097 730.093543235 58.111976343 198.183504522 112.928785697 110 70
1250.0 850.0 1140.82900241 763.16839585 65.5094487418 183.119879258 113.163249854 107 73
1250.0 900.0 1119.54223162 786.083412184 70.3045343735 172.874106059 113.333125778 105 75
1250.0 950.0 1086.06458464 819.083201609 78.21941051 159.37482464 113.269787937 102 78
1250.0 1000.0 1064.50926123 842.184064006 83.1359382537 150.313907285 113.018800214 100 80
1250.0 1050.0 1042.12500868 863.54602152 89.0001924002 142.738500171 113.577416997 98 82
1250.0 1100.0 1019.39108373 885.015085484 94.9508573618 135.089144344 113.776653103 96 84
1250.0 1150.0 998.934469899 909.250636915 100.639572601 127.361154204 113.461317056 94 86
1250.0 1200.0 975.017875328 929.512006197 107.055940735 120.548711874 113.672362052 92 88
1250.0 1250.0 954.502068088 953.187883923 113.422647226 113.303061803 113.362797957 90 90
